taxi_id,time,lon,lat
3527,2008-02-02 13:40:25,116.37384,39.84777
3527,2008-02-02 13:40:25,116.37384,39.84777
3527,2008-02-02 13:45:25,116.38077,39.85882
3527,2008-02-02 13:50:25,116.39086,39.86035
3527,2008-02-02 13:55:25,116.39327,39.85475
3527,2008-02-02 14:00:25,116.41528,39.85592
3527,2008-02-02 14:05:25,116.4595,39.86664
3527,2008-02-02 14:10:25,116.47132,39.87506
3527,2008-02-02 14:15:25,116.45605,39.88315
3527,2008-02-02 14:20:25,116.438,39.88318
3527,2008-02-02 14:25:25,116.41332,39.88564
3527,2008-02-02 14:35:25,116.37865,39.88627
3527,2008-02-02 14:40:25,116.37357,39.8918
3527,2008-02-02 14:45:25,116.37306,39.89159
3527,2008-02-02 14:50:25,116.37345,39.89165
3527,2008-02-02 14:55:25,116.36972,39.89158
3527,2008-02-02 15:00:25,116.36954,39.89142
3527,2008-02-02 15:05:25,116.36943,39.89155
3527,2008-02-02 15:15:25,116.36459,39.87896
3527,2008-02-02 15:20:25,116.36071,39.88794
3527,2008-02-02 15:25:26,116.34275,39.8918
3527,2008-02-02 15:30:25,116.33652,39.90158
3527,2008-02-02 15:35:25,116.33849,39.92145
3527,2008-02-02 15:40:25,116.32824,39.92595
3527,2008-02-02 15:45:25,116.33953,39.92194
3527,2008-02-02 15:50:25,116.35803,39.92243
3527,2008-02-02 15:55:25,116.3673,39.92062
3527,2008-02-02 16:00:25,116.36748,39.9143
3527,2008-02-02 16:05:25,116.36654,39.90753
3527,2008-02-02 16:05:25,116.36654,39.90753
3527,2008-02-02 16:10:25,116.36632,39.90778
3527,2008-02-02 16:15:25,116.34965,39.9069
3527,2008-02-02 16:20:25,116.34183,39.88875
3527,2008-02-02 16:25:25,116.33221,39.8816
3527,2008-02-02 16:30:25,116.33245,39.88137
3527,2008-02-02 16:45:25,116.33231,39.88156
3527,2008-02-02 16:50:25,116.33237,39.88143
3527,2008-02-02 16:55:25,116.3324,39.88135
3527,2008-02-02 17:00:25,116.33239,39.88133
3527,2008-02-02 17:05:25,116.33244,39.88122
3527,2008-02-02 17:10:25,116.33246,39.88134
3527,2008-02-02 17:15:25,116.33052,39.88151
3527,2008-02-02 17:20:25,116.32765,39.88337
3527,2008-02-02 17:25:25,116.31499,39.88538
3527,2008-02-02 17:30:24,116.30372,39.88336
3527,2008-02-02 17:35:24,116.30025,39.88095
3527,2008-02-02 17:40:24,116.30283,39.88246
3527,2008-02-02 17:45:24,116.30782,39.86556
3527,2008-02-02 17:50:24,116.31332,39.87385
3527,2008-02-02 17:55:24,116.32686,39.87584
3527,2008-02-02 18:00:24,116.32812,39.88331
3527,2008-02-02 18:05:24,116.33989,39.88807
3527,2008-02-02 18:10:24,116.34997,39.89702
3527,2008-02-02 18:15:24,116.35729,39.88816
3527,2008-02-02 18:20:27,116.35263,39.88638
3527,2008-02-02 18:30:24,116.35086,39.90799
3527,2008-02-02 18:30:24,116.35086,39.90799
3527,2008-02-02 18:35:24,116.35028,39.91109
3527,2008-02-02 18:40:23,116.35022,39.90604
3527,2008-02-02 18:45:24,116.34163,39.88786
3527,2008-02-02 18:50:24,116.34063,39.88414
3527,2008-02-02 18:55:24,116.34426,39.88787
3527,2008-02-02 19:00:24,116.35011,39.89842
3527,2008-02-02 19:05:24,116.35053,39.90546
3527,2008-02-02 19:10:24,116.35081,39.91691
3527,2008-02-02 19:15:24,116.36175,39.92948
3527,2008-02-02 19:20:24,116.36184,39.93026
3527,2008-02-02 19:25:24,116.3615,39.93749
3527,2008-02-02 19:30:24,116.36657,39.93465
3527,2008-02-02 19:35:24,116.35614,39.93103
3527,2008-02-02 19:40:24,116.35017,39.93112
3527,2008-02-02 19:45:24,116.34994,39.92178
3527,2008-02-02 19:50:24,116.35036,39.91381
3527,2008-02-02 19:55:24,116.35021,39.90529
3527,2008-02-02 20:00:22,116.34647,39.89704
3527,2008-02-02 20:05:24,116.34702,39.89184
3527,2008-02-02 20:10:24,116.35628,39.89783
3527,2008-02-02 20:15:24,116.35051,39.89442
3527,2008-02-02 20:20:24,116.35702,39.89719
3527,2008-02-02 20:25:24,116.3414,39.88833
3527,2008-02-02 20:30:24,116.33421,39.88666
3527,2008-02-02 20:35:24,116.32451,39.88332
3527,2008-02-02 20:40:24,116.32032,39.88726
3527,2008-02-02 20:50:24,116.33998,39.89645
3527,2008-02-02 20:55:24,116.36691,39.8981
3527,2008-02-02 20:55:24,116.36691,39.8981
3527,2008-02-02 21:00:24,116.36823,39.89471
3527,2008-02-02 21:10:24,116.36767,39.88773
3527,2008-02-02 21:15:24,116.36816,39.87749
3527,2008-02-02 21:20:24,116.38156,39.86923
3527,2008-02-02 21:25:24,116.38056,39.85644
3527,2008-02-02 21:30:24,116.38053,39.85397
3527,2008-02-02 21:35:24,116.3724,39.84153
3527,2008-02-02 21:40:24,116.3727,39.83487
3527,2008-02-02 21:50:24,116.37031,39.79506
3527,2008-02-02 21:55:24,116.37385,39.76866
3527,2008-02-02 22:00:24,116.37314,39.76409
3527,2008-02-02 22:05:24,116.37314,39.76403
3527,2008-02-02 22:10:24,116.37307,39.7639
3527,2008-02-02 22:15:24,116.3731,39.76394
3527,2008-02-02 22:20:23,116.37317,39.76411
3527,2008-02-02 22:25:23,116.37325,39.76427
3527,2008-02-02 22:30:23,116.37322,39.76425
3527,2008-02-02 22:35:23,116.3732,39.76423
3527,2008-02-02 22:40:23,116.37317,39.76426
3527,2008-02-02 22:45:23,116.37317,39.76439
3527,2008-02-02 22:50:23,116.37322,39.7643
3527,2008-02-02 22:55:23,116.37316,39.7643
3527,2008-02-02 23:00:23,116.37318,39.7643
3527,2008-02-02 23:05:23,116.37308,39.76414
3527,2008-02-02 23:10:23,116.37316,39.7643
3527,2008-02-02 23:15:23,116.37323,39.76415
3527,2008-02-02 23:20:23,116.37339,39.76456
3527,2008-02-02 23:20:23,116.37339,39.76456
3527,2008-02-02 23:25:23,116.37313,39.76421
3527,2008-02-02 23:30:23,116.37322,39.76417
3527,2008-02-02 23:35:23,116.37321,39.76413
3527,2008-02-02 23:40:23,116.37321,39.76412
3527,2008-02-02 23:45:23,116.37326,39.76415
3527,2008-02-02 23:50:23,116.37322,39.76411
3527,2008-02-02 23:55:23,116.3733,39.7642
3527,2008-02-03 00:00:23,116.37317,39.7641
3527,2008-02-03 00:05:23,116.37322,39.76414
3527,2008-02-03 00:10:23,116.37321,39.7641
3527,2008-02-03 00:10:26,116.37321,39.76411
3527,2008-02-03 00:20:23,116.37318,39.76406
3527,2008-02-03 00:25:23,116.37317,39.76411
3527,2008-02-03 00:30:23,116.37314,39.76404
3527,2008-02-03 00:35:23,116.37313,39.76407
3527,2008-02-03 00:40:23,116.37321,39.76404
3527,2008-02-03 00:45:23,116.37319,39.76402
3527,2008-02-03 00:50:23,116.37322,39.76403
3527,2008-02-03 00:55:23,116.37325,39.76402
3527,2008-02-03 01:00:23,116.37327,39.764
3527,2008-02-03 01:05:23,116.37317,39.76419
3527,2008-02-03 01:10:23,116.37322,39.76392
3527,2008-02-03 01:15:23,116.37322,39.76405
3527,2008-02-03 01:25:23,116.37326,39.7639
3527,2008-02-03 01:30:23,116.37323,39.76386
3527,2008-02-03 01:35:23,116.37326,39.76398
3527,2008-02-03 01:40:23,116.37327,39.76408
3527,2008-02-03 01:40:23,116.37327,39.76408
3527,2008-02-03 01:40:23,116.37327,39.76408
3527,2008-02-03 01:40:23,116.37327,39.76408
3527,2008-02-03 01:45:23,116.37335,39.76407
3527,2008-02-03 01:50:23,116.37328,39.76429
3527,2008-02-03 01:55:23,116.37325,39.76424
3527,2008-02-03 02:00:23,116.37327,39.76416
3527,2008-02-03 02:15:23,116.3731,39.76445
3527,2008-02-03 02:20:23,116.37322,39.76431
3527,2008-02-03 02:30:23,116.37334,39.76414
3527,2008-02-03 02:35:23,116.3734,39.76412
3527,2008-02-03 02:40:23,116.37338,39.76418
3527,2008-02-03 02:45:23,116.3732,39.76411
3527,2008-02-03 02:50:23,116.3732,39.76408
3527,2008-02-03 02:55:23,116.37322,39.76415
3527,2008-02-03 03:00:23,116.37324,39.76417
3527,2008-02-03 03:05:22,116.3732,39.76417
3527,2008-02-03 03:10:22,116.37319,39.76408
3527,2008-02-03 03:15:22,116.37321,39.76415
3527,2008-02-03 03:20:22,116.37309,39.76417
3527,2008-02-03 03:25:22,116.37317,39.76407
3527,2008-02-03 03:30:22,116.37317,39.76415
3527,2008-02-03 03:35:22,116.37313,39.76418
3527,2008-02-03 03:45:22,116.37321,39.76423
3527,2008-02-03 03:55:22,116.37318,39.76426
3527,2008-02-03 04:00:22,116.37318,39.76432
3527,2008-02-03 04:05:22,116.37312,39.76425
3527,2008-02-03 04:15:22,116.37313,39.76417
3527,2008-02-03 04:15:22,116.37313,39.76417
3527,2008-02-03 04:20:22,116.37318,39.76422
3527,2008-02-03 04:25:22,116.37321,39.76429
3527,2008-02-03 04:30:22,116.37324,39.76433
3527,2008-02-03 04:40:22,116.37325,39.76431
3527,2008-02-03 04:45:22,116.37324,39.76427
3527,2008-02-03 04:50:22,116.37326,39.76426
3527,2008-02-03 04:55:22,116.37321,39.76429
3527,2008-02-03 05:00:22,116.37334,39.76425
3527,2008-02-03 05:05:22,116.37321,39.76403
3527,2008-02-03 05:10:22,116.37336,39.76417
3527,2008-02-03 05:15:22,116.37338,39.76422
3527,2008-02-03 05:20:22,116.37329,39.76417
3527,2008-02-03 05:25:22,116.3731,39.7642
3527,2008-02-03 05:30:22,116.37329,39.76425
3527,2008-02-03 05:35:22,116.37315,39.76412
3527,2008-02-03 05:40:22,116.37318,39.76412
3527,2008-02-03 05:45:22,116.37319,39.76414
3527,2008-02-03 05:50:22,116.3732,39.76408
3527,2008-02-03 05:55:22,116.37319,39.76407
3527,2008-02-03 06:00:22,116.37314,39.76407
3527,2008-02-03 06:05:22,116.37318,39.76414
3527,2008-02-03 06:10:22,116.37318,39.76406
3527,2008-02-03 06:15:22,116.37325,39.76417
3527,2008-02-03 06:20:22,116.37323,39.76408
3527,2008-02-03 06:25:22,116.37328,39.76408
3527,2008-02-03 06:40:22,116.37315,39.76413
3527,2008-02-03 06:40:22,116.37315,39.76413
3527,2008-02-03 06:45:22,116.3732,39.76429
3527,2008-02-03 06:50:22,116.37312,39.76409
3527,2008-02-03 06:55:22,116.37317,39.76408
3527,2008-02-03 07:00:22,116.37327,39.76404
3527,2008-02-03 07:05:22,116.37318,39.76405
3527,2008-02-03 07:10:22,116.3732,39.76406
3527,2008-02-03 07:20:22,116.37319,39.76408
3527,2008-02-03 07:25:21,116.37319,39.76414
3527,2008-02-03 07:30:22,116.37324,39.76407
3527,2008-02-03 07:35:22,116.37325,39.7641
3527,2008-02-03 07:45:22,116.37339,39.76412
3527,2008-02-03 07:50:22,116.37325,39.76419
3527,2008-02-03 07:55:22,116.37318,39.76424
3527,2008-02-03 08:00:21,116.3732,39.76423
3527,2008-02-03 08:10:21,116.37319,39.76415
3527,2008-02-03 08:15:21,116.37331,39.76416
3527,2008-02-03 08:20:21,116.37328,39.76425
3527,2008-02-03 08:40:21,116.37324,39.7642
3527,2008-02-03 08:45:21,116.3733,39.76412
3527,2008-02-03 08:50:21,116.37332,39.76407
3527,2008-02-03 08:55:21,116.37335,39.76409
3527,2008-02-03 09:00:21,116.37328,39.76402
3527,2008-02-03 09:05:21,116.37316,39.76411
3527,2008-02-03 09:05:21,116.37316,39.76411
3527,2008-02-03 09:10:21,116.3732,39.7641
3527,2008-02-03 09:15:21,116.3732,39.7641
3527,2008-02-03 09:25:21,116.37321,39.76406
3527,2008-02-03 09:30:21,116.37321,39.76412
3527,2008-02-03 09:35:21,116.37323,39.76407
3527,2008-02-03 09:45:21,116.37317,39.76403
3527,2008-02-03 09:55:22,116.3732,39.76428
3527,2008-02-03 10:00:21,116.37327,39.76424
3527,2008-02-03 10:05:21,116.37326,39.76433
3527,2008-02-03 10:10:21,116.37324,39.76419
3527,2008-02-03 10:15:21,116.37322,39.77539
3527,2008-02-03 10:20:21,116.37118,39.80261
3527,2008-02-03 10:30:21,116.37289,39.83488
3527,2008-02-03 10:35:21,116.37535,39.85349
3527,2008-02-03 10:40:21,116.38424,39.87076
3527,2008-02-03 10:45:21,116.37063,39.87741
3527,2008-02-03 10:50:21,116.35615,39.87684
3527,2008-02-03 11:00:21,116.34075,39.88809
3527,2008-02-03 11:05:21,116.34738,39.89666
3527,2008-02-03 11:10:21,116.36633,39.89829
3527,2008-02-03 11:15:21,116.38678,39.89893
3527,2008-02-03 11:20:21,116.40015,39.89942
3527,2008-02-03 11:25:21,116.39475,39.89908
3527,2008-02-03 11:30:21,116.3778,39.90253
3527,2008-02-03 11:30:21,116.3778,39.90253
3527,2008-02-03 11:35:21,116.36838,39.90285
3527,2008-02-03 11:40:21,116.36847,39.89498
3527,2008-02-03 11:45:21,116.36848,39.89152
3527,2008-02-03 11:50:21,116.36036,39.8852
3527,2008-02-03 12:00:21,116.35795,39.87247
3527,2008-02-03 12:10:21,116.37548,39.87981
3527,2008-02-03 12:15:21,116.37899,39.8848
3527,2008-02-03 12:20:21,116.37183,39.88182
3527,2008-02-03 12:25:21,116.37014,39.88186
3527,2008-02-03 12:35:21,116.35755,39.88157
3527,2008-02-03 12:40:21,116.3502,39.88211
3527,2008-02-03 12:45:20,116.35753,39.88026
3527,2008-02-03 12:50:21,116.35785,39.87006
3527,2008-02-03 12:55:20,116.35809,39.86496
3527,2008-02-03 13:00:20,116.35868,39.84847
3527,2008-02-03 13:05:19,116.35873,39.8545
3527,2008-02-03 13:10:20,116.35819,39.86727
3527,2008-02-03 13:15:20,116.34312,39.87608
3527,2008-02-03 13:20:20,116.34265,39.89538
3527,2008-02-03 13:25:20,116.35051,39.90287
3527,2008-02-03 13:30:20,116.35051,39.9144
3527,2008-02-03 13:40:20,116.35281,39.93543
3527,2008-02-03 13:45:20,116.3624,39.93095
3527,2008-02-03 13:50:20,116.37109,39.92142
3527,2008-02-03 13:55:20,116.37125,39.91755
3527,2008-02-03 13:55:20,116.37125,39.91755
3527,2008-02-03 14:00:20,116.37121,39.91752
3527,2008-02-03 14:10:20,116.3712,39.91754
3527,2008-02-03 14:15:20,116.37126,39.91752
3527,2008-02-03 14:20:19,116.3664,39.91219
3527,2008-02-03 14:25:20,116.36653,39.90753
3527,2008-02-03 14:30:21,116.54955,40.0642
3527,2008-02-03 14:30:21,116.54955,40.0642
3527,2008-02-03 14:35:20,116.36679,39.90779
3527,2008-02-03 14:40:20,116.36654,39.90756
3527,2008-02-03 14:45:20,116.36645,39.90764
3527,2008-02-03 14:50:20,116.35776,39.91351
3527,2008-02-03 14:55:20,116.3469,39.9224
3527,2008-02-03 15:00:20,116.34713,39.92939
3527,2008-02-03 15:05:20,116.34379,39.93104
3527,2008-02-03 15:10:20,116.32818,39.93112
3527,2008-02-03 15:15:20,116.30249,39.92684
3527,2008-02-03 15:20:20,116.31268,39.92229
3527,2008-02-03 15:25:20,116.32792,39.92165
3527,2008-02-03 15:30:20,116.33872,39.91711
3527,2008-02-03 15:35:20,116.3471,39.91371
3527,2008-02-03 15:40:20,116.35045,39.90185
3527,2008-02-03 15:45:20,116.34303,39.87586
3527,2008-02-03 15:51:37,116.40568,39.87072
3527,2008-02-03 16:00:20,116.41753,39.85267
3527,2008-02-03 16:05:20,116.41805,39.8567
3527,2008-02-03 16:10:20,116.40718,39.85593
3527,2008-02-03 16:25:21,116.36598,39.84947
3527,2008-02-03 16:30:20,116.35292,39.84486
3527,2008-02-03 16:35:20,116.35342,39.84469
3527,2008-02-03 16:40:20,116.34119,39.85526
3527,2008-02-03 16:45:20,116.34293,39.87907
3527,2008-02-03 16:50:20,116.34275,39.89559
3527,2008-02-03 16:55:20,116.35049,39.90417
3527,2008-02-03 17:00:20,116.35076,39.91401
3527,2008-02-03 17:10:20,116.35673,39.96615
3527,2008-02-03 17:15:19,116.35957,39.97352
3527,2008-02-03 17:20:19,116.36404,39.96316
3527,2008-02-03 17:25:19,116.36381,39.96278
3527,2008-02-03 17:30:19,116.3652,39.95025
3527,2008-02-03 17:42:51,116.34918,39.93671
3527,2008-02-03 17:45:19,116.34932,39.93239
3527,2008-02-03 17:50:19,116.34969,39.92548
3527,2008-02-03 18:06:05,116.33361,39.8836
3527,2008-02-03 18:10:19,116.34234,39.88523
3527,2008-02-03 18:15:19,116.34102,39.85571
3527,2008-02-03 18:20:19,116.35394,39.82948
3527,2008-02-03 18:25:19,116.36055,39.80188
3527,2008-02-03 18:35:19,116.3731,39.7641
3527,2008-02-03 18:40:19,116.37311,39.76419
3527,2008-02-03 18:45:19,116.37318,39.76407
3527,2008-02-03 18:45:19,116.37318,39.76407
3527,2008-02-03 18:50:19,116.3732,39.76406
3527,2008-02-03 18:55:19,116.37313,39.76411
3527,2008-02-03 19:00:19,116.37315,39.76408
3527,2008-02-03 19:05:19,116.37319,39.76409
3527,2008-02-03 19:10:19,116.37317,39.76409
3527,2008-02-03 19:15:19,116.37316,39.7641
3527,2008-02-03 19:20:19,116.37313,39.76408
3527,2008-02-03 19:25:19,116.37309,39.76407
3527,2008-02-03 19:30:19,116.3731,39.76409
3527,2008-02-03 19:35:19,116.3732,39.76415
3527,2008-02-03 19:40:19,116.37336,39.76413
3527,2008-02-03 19:45:19,116.37318,39.76406
3527,2008-02-03 19:50:19,116.37313,39.76406
3527,2008-02-03 19:55:19,116.3732,39.76409
3527,2008-02-03 20:00:19,116.37317,39.76415
3527,2008-02-03 20:05:19,116.37308,39.76422
3527,2008-02-03 20:10:19,116.37318,39.7642
3527,2008-02-03 20:15:19,116.37323,39.76433
3527,2008-02-03 20:20:19,116.37324,39.76427
3527,2008-02-03 20:25:19,116.37328,39.76419
3527,2008-02-03 20:30:19,116.37323,39.76422
3527,2008-02-03 20:35:19,116.3731,39.76432
3527,2008-02-03 20:40:19,116.3731,39.76428
3527,2008-02-03 20:45:19,116.37313,39.76424
3527,2008-02-03 20:50:19,116.3732,39.76413
3527,2008-02-03 20:55:19,116.37325,39.76413
3527,2008-02-03 21:00:19,116.37316,39.76429
3527,2008-02-03 21:05:19,116.37319,39.76407
3527,2008-02-03 21:10:19,116.37317,39.76401
3527,2008-02-03 21:10:19,116.37317,39.76401
3527,2008-02-03 21:15:19,116.37326,39.76399
3527,2008-02-03 21:20:19,116.37317,39.76407
3527,2008-02-03 21:25:19,116.37315,39.76409
3527,2008-02-03 21:30:19,116.37318,39.76412
3527,2008-02-03 21:35:19,116.37314,39.76412
3527,2008-02-03 21:40:19,116.37315,39.76409
3527,2008-02-03 21:45:19,116.37312,39.76411
3527,2008-02-03 21:50:19,116.37309,39.76412
3527,2008-02-03 21:55:19,116.37313,39.76413
3527,2008-02-03 22:00:19,116.37312,39.76415
3527,2008-02-03 22:10:18,116.37317,39.76413
3527,2008-02-03 22:15:18,116.37317,39.76412
3527,2008-02-03 22:20:18,116.37319,39.76418
3527,2008-02-03 22:25:18,116.37321,39.76408
3527,2008-02-03 22:30:18,116.37325,39.76434
3527,2008-02-03 22:35:18,116.37318,39.76434
3527,2008-02-03 22:40:18,116.37323,39.76415
3527,2008-02-03 22:45:18,116.37316,39.76434
3527,2008-02-03 22:50:18,116.37317,39.76436
3527,2008-02-03 22:55:18,116.37312,39.76432
3527,2008-02-03 23:00:18,116.37316,39.76437
3527,2008-02-03 23:05:18,116.37318,39.76432
3527,2008-02-03 23:10:18,116.37319,39.76438
3527,2008-02-03 23:20:18,116.37321,39.7641
3527,2008-02-03 23:25:18,116.37326,39.76404
3527,2008-02-03 23:30:18,116.37322,39.76414
3527,2008-02-03 23:35:18,116.37319,39.76411
3527,2008-02-03 23:35:18,116.37319,39.76411
3527,2008-02-03 23:40:18,116.37319,39.76408
3527,2008-02-03 23:50:18,116.37322,39.76413
3527,2008-02-03 23:55:18,116.37323,39.76407
3527,2008-02-04 00:00:18,116.37319,39.76417
3527,2008-02-04 00:05:18,116.37319,39.7641
3527,2008-02-04 00:10:18,116.37312,39.76398
3527,2008-02-04 00:10:29,116.37312,39.76397
3527,2008-02-04 00:15:18,116.37316,39.76403
3527,2008-02-04 00:20:18,116.3732,39.76412
3527,2008-02-04 00:25:18,116.37321,39.76408
3527,2008-02-04 00:30:18,116.37318,39.76405
3527,2008-02-04 00:35:18,116.37319,39.76403
3527,2008-02-04 00:40:18,116.37323,39.76405
3527,2008-02-04 00:45:18,116.37322,39.76407
3527,2008-02-04 00:50:18,116.37317,39.76399
3527,2008-02-04 00:55:18,116.37319,39.76398
3527,2008-02-04 01:00:18,116.37316,39.76396
3527,2008-02-04 01:05:18,116.37307,39.76415
3527,2008-02-04 01:10:18,116.3732,39.76398
3527,2008-02-04 01:15:18,116.37316,39.76403
3527,2008-02-04 01:20:18,116.37316,39.76394
3527,2008-02-04 01:25:18,116.37317,39.76401
3527,2008-02-04 01:30:18,116.37328,39.76401
3527,2008-02-04 01:35:18,116.3732,39.76418
3527,2008-02-04 01:40:18,116.37331,39.7643
3527,2008-02-04 01:45:18,116.37316,39.76402
3527,2008-02-04 01:50:18,116.37324,39.76427
3527,2008-02-04 01:55:18,116.37339,39.76423
3527,2008-02-04 02:00:18,116.3732,39.76427
3527,2008-02-04 02:00:18,116.3732,39.76427
3527,2008-02-04 02:10:18,116.37322,39.76428
3527,2008-02-04 02:15:18,116.37329,39.76429
3527,2008-02-04 02:20:18,116.37336,39.76422
3527,2008-02-04 02:25:18,116.37333,39.76417
3527,2008-02-04 02:30:18,116.37329,39.76416
3527,2008-02-04 02:35:18,116.37323,39.76414
3527,2008-02-04 02:40:18,116.37323,39.76408
3527,2008-02-04 02:45:18,116.37318,39.76413
3527,2008-02-04 02:50:18,116.37321,39.76415
3527,2008-02-04 02:55:17,116.37314,39.76409
3527,2008-02-04 03:00:17,116.37323,39.76417
3527,2008-02-04 03:05:17,116.3732,39.76416
3527,2008-02-04 03:10:18,116.37314,39.76413
3527,2008-02-04 03:15:17,116.37316,39.76413
3527,2008-02-04 03:20:17,116.37317,39.76413
3527,2008-02-04 03:25:17,116.37315,39.76408
3527,2008-02-04 03:30:17,116.37312,39.76419
3527,2008-02-04 03:35:17,116.37314,39.76422
3527,2008-02-04 03:40:17,116.37309,39.76426
3527,2008-02-04 03:45:17,116.37312,39.76428
3527,2008-02-04 03:50:17,116.37311,39.7643
3527,2008-02-04 03:55:17,116.37311,39.76426
3527,2008-02-04 04:00:17,116.37309,39.76427
3527,2008-02-04 04:05:17,116.37314,39.76423
3527,2008-02-04 04:05:17,116.37314,39.76423
3527,2008-02-04 04:10:17,116.37314,39.76421
3527,2008-02-04 04:15:17,116.37316,39.76428
3527,2008-02-04 04:20:17,116.37319,39.76425
3527,2008-02-04 04:25:17,116.37316,39.76424
3527,2008-02-04 04:25:17,116.37316,39.76424
3527,2008-02-04 04:30:17,116.37315,39.7643
3527,2008-02-04 04:35:17,116.37322,39.7643
3527,2008-02-04 04:40:17,116.37318,39.76425
3527,2008-02-04 04:45:17,116.37328,39.76429
3527,2008-02-04 04:50:17,116.37329,39.76432
3527,2008-02-04 04:55:17,116.37338,39.76432
3527,2008-02-04 05:00:17,116.37327,39.76428
3527,2008-02-04 05:05:17,116.37299,39.76429
3527,2008-02-04 05:10:17,116.37318,39.76412
3527,2008-02-04 05:15:17,116.37316,39.76423
3527,2008-02-04 05:20:17,116.37319,39.76406
3527,2008-02-04 05:25:17,116.37324,39.76427
3527,2008-02-04 05:30:17,116.37324,39.76421
3527,2008-02-04 05:35:17,116.37311,39.76409
3527,2008-02-04 05:40:17,116.37318,39.76414
3527,2008-02-04 05:45:17,116.3732,39.76405
3527,2008-02-04 05:50:17,116.37321,39.76407
3527,2008-02-04 05:55:17,116.37315,39.76412
3527,2008-02-04 06:00:17,116.37321,39.76419
3527,2008-02-04 06:05:17,116.37319,39.76408
3527,2008-02-04 06:10:17,116.37314,39.7641
3527,2008-02-04 06:15:17,116.37317,39.76409
3527,2008-02-04 06:20:17,116.37322,39.76408
3527,2008-02-04 06:25:17,116.37321,39.76408
3527,2008-02-04 06:30:17,116.37316,39.76408
3527,2008-02-04 06:35:17,116.37313,39.7641
3527,2008-02-04 06:40:17,116.37319,39.76416
3527,2008-02-04 06:45:17,116.37317,39.76408
3527,2008-02-04 06:50:17,116.3732,39.76409
3527,2008-02-04 06:50:17,116.3732,39.76409
3527,2008-02-04 06:55:17,116.37314,39.76402
3527,2008-02-04 07:00:18,116.37317,39.76401
3527,2008-02-04 07:10:17,116.37318,39.76417
3527,2008-02-04 07:15:17,116.37321,39.76405
3527,2008-02-04 07:20:17,116.37316,39.76412
3527,2008-02-04 07:30:17,116.37318,39.76405
3527,2008-02-04 07:35:17,116.37326,39.76415
3527,2008-02-04 07:40:17,116.37328,39.76417
3527,2008-02-04 07:45:17,116.37339,39.76423
3527,2008-02-04 07:50:16,116.37316,39.76421
3527,2008-02-04 07:55:16,116.37323,39.7643
3527,2008-02-04 08:05:16,116.37335,39.76431
3527,2008-02-04 08:10:16,116.37321,39.76417
3527,2008-02-04 08:15:16,116.37371,39.77097
3527,2008-02-04 08:20:16,116.36304,39.79347
3527,2008-02-04 08:25:16,116.33967,39.80499
3527,2008-02-04 08:30:16,116.33689,39.82284
3527,2008-02-04 08:35:16,116.34908,39.81817
3527,2008-02-04 08:40:16,116.36607,39.83348
3527,2008-02-04 08:45:16,116.37288,39.83418
3527,2008-02-04 08:50:46,116.38036,39.84463
3527,2008-02-04 09:00:16,116.34337,39.87338
3527,2008-02-04 09:05:16,116.32334,39.89587
3527,2008-02-04 09:10:16,116.32136,39.89906
3527,2008-02-04 09:15:16,116.33677,39.89613
3527,2008-02-04 09:15:16,116.33677,39.89613
3527,2008-02-04 09:20:16,116.3505,39.90388
3527,2008-02-04 09:25:16,116.36142,39.91277
3527,2008-02-04 09:30:16,116.37555,39.91235
3527,2008-02-04 09:35:16,116.35768,39.90598
3527,2008-02-04 09:40:16,116.32865,39.896
3527,2008-02-04 09:45:16,116.31569,39.89601
3527,2008-02-04 09:50:16,116.32299,39.89675
3527,2008-02-04 09:55:16,116.33096,39.89584
3527,2008-02-04 10:00:16,116.3311,39.8958
3527,2008-02-04 10:05:16,116.33537,39.89609
3527,2008-02-04 10:10:16,116.34177,39.88894
3527,2008-02-04 10:15:16,116.34665,39.88809
3527,2008-02-04 10:20:16,116.34698,39.88881
3527,2008-02-04 10:25:16,116.34846,39.88823
3527,2008-02-04 10:30:16,116.32739,39.88336
3527,2008-02-04 10:35:16,116.33561,39.88846
3527,2008-02-04 10:40:16,116.36634,39.88787
3527,2008-02-04 10:45:16,116.36844,39.89797
3527,2008-02-04 10:50:16,116.37286,39.90581
3527,2008-02-04 10:55:16,116.39733,39.90634
3527,2008-02-04 11:00:16,116.41971,39.90695
3527,2008-02-04 11:05:16,116.42835,39.92362
3527,2008-02-04 11:10:16,116.44877,39.95666
3527,2008-02-04 11:15:16,116.43878,39.95994
3527,2008-02-04 11:20:16,116.41433,39.95791
3527,2008-02-04 11:25:16,116.40187,39.951
3527,2008-02-04 11:30:16,116.39653,39.95019
3527,2008-02-04 11:39:15,116.38809,39.98357
3527,2008-02-04 11:40:16,116.39303,39.98663
3527,2008-02-04 11:40:16,116.39303,39.98663
3527,2008-02-04 11:45:16,116.44794,39.97976
3527,2008-02-04 11:50:16,116.43686,39.96793
3527,2008-02-04 11:55:16,116.41715,39.97416
3527,2008-02-04 12:00:16,116.39451,39.96745
3527,2008-02-04 12:05:16,116.38874,39.9552
3527,2008-02-04 12:10:16,116.40325,39.94769
3527,2008-02-04 12:15:16,116.44209,39.95072
3527,2008-02-04 12:23:11,116.4833,39.98253
3527,2008-02-04 12:25:16,116.48305,39.98248
3527,2008-02-04 12:30:16,116.48461,39.983
3527,2008-02-04 12:35:16,116.48668,39.98303
3527,2008-02-04 12:45:16,116.46199,39.96986
3527,2008-02-04 12:50:15,116.44147,39.95227
3527,2008-02-04 12:55:15,116.43985,39.9433
3527,2008-02-04 13:00:15,116.43784,39.94246
3527,2008-02-04 13:05:15,116.42144,39.93973
3527,2008-02-04 13:10:15,116.4195,39.93211
3527,2008-02-04 13:15:15,116.41272,39.92302
3527,2008-02-04 13:20:15,116.40021,39.91718
3527,2008-02-04 13:25:15,116.39324,39.92552
3527,2008-02-04 13:30:15,116.38998,39.93589
3527,2008-02-04 13:35:15,116.37474,39.93177
3527,2008-02-04 13:40:15,116.35128,39.9311
3527,2008-02-04 13:45:15,116.34976,39.92592
3527,2008-02-04 13:50:15,116.34718,39.90603
3527,2008-02-04 13:55:15,116.34615,39.90724
3527,2008-02-04 14:00:15,116.34646,39.90203
3527,2008-02-04 14:05:15,116.33793,39.9018
3527,2008-02-04 14:05:15,116.33793,39.9018
3527,2008-02-04 14:10:15,116.31518,39.90983
3527,2008-02-04 14:15:15,116.29591,39.91409
3527,2008-02-04 14:20:15,116.2894,39.95725
3527,2008-02-04 14:27:29,116.28228,39.9568
3527,2008-02-04 14:30:15,116.29656,39.95855
3527,2008-02-04 14:35:15,116.311,39.95252
3527,2008-02-04 14:40:15,116.31899,39.94182
3527,2008-02-04 14:45:15,116.32533,39.93094
3527,2008-02-04 14:50:15,116.3495,39.93094
3527,2008-02-04 14:55:15,116.37311,39.93155
3527,2008-02-04 15:00:15,116.4026,39.92845
3527,2008-02-04 15:10:15,116.37144,39.92119
3527,2008-02-04 15:15:15,116.37124,39.91763
3527,2008-02-04 15:20:15,116.37125,39.91759
3527,2008-02-04 15:25:15,116.37122,39.9176
3527,2008-02-04 15:35:15,116.37123,39.91755
3527,2008-02-04 15:40:15,116.37119,39.91763
3527,2008-02-04 15:45:15,116.37123,39.91753
3527,2008-02-04 15:50:15,116.37121,39.91751
3527,2008-02-04 15:55:15,116.37122,39.9175
3527,2008-02-04 16:00:15,116.37121,39.91755
3527,2008-02-04 16:05:15,116.37127,39.91757
3527,2008-02-04 16:10:15,116.37121,39.91755
3527,2008-02-04 16:15:15,116.37124,39.9176
3527,2008-02-04 16:20:15,116.37124,39.91761
3527,2008-02-04 16:25:15,116.37126,39.91761
3527,2008-02-04 16:30:15,116.3712,39.91756
3527,2008-02-04 16:30:15,116.3712,39.91756
3527,2008-02-04 16:35:15,116.3713,39.91755
3527,2008-02-04 16:40:15,116.36991,39.91326
3527,2008-02-04 16:45:15,116.36773,39.90651
3527,2008-02-04 16:50:15,116.36795,39.89877
3527,2008-02-04 16:55:15,116.36812,39.89535
3527,2008-02-04 17:00:15,116.36801,39.87558
3527,2008-02-04 17:05:15,116.35813,39.86732
3527,2008-02-04 17:10:14,116.35794,39.87411
3527,2008-02-04 17:15:14,116.35758,39.88149
3527,2008-02-04 17:20:14,116.36099,39.88785
3527,2008-02-04 17:25:14,116.35265,39.88378
3527,2008-02-04 17:30:14,116.35254,39.8876
3527,2008-02-04 17:35:14,116.35024,39.89807
3527,2008-02-04 17:40:14,116.35088,39.9078
3527,2008-02-04 17:45:14,116.35694,39.90863
3527,2008-02-04 17:50:14,116.3497,39.90639
3527,2008-02-04 17:55:14,116.34241,39.89313
3527,2008-02-04 18:00:14,116.3365,39.88951
3527,2008-02-04 18:10:14,116.34295,39.87379
3527,2008-02-04 18:15:14,116.3383,39.84406
3527,2008-02-04 18:20:14,116.33697,39.84804
3527,2008-02-04 18:25:14,116.32016,39.84636
3527,2008-02-04 18:30:14,116.31696,39.83664
3527,2008-02-04 18:40:14,116.31473,39.84601
3527,2008-02-04 18:45:14,116.32267,39.84764
3527,2008-02-04 18:50:14,116.33827,39.84496
3527,2008-02-04 18:55:14,116.34264,39.86794
3527,2008-02-04 18:55:14,116.34264,39.86794
3527,2008-02-04 19:00:14,116.33357,39.89617
3527,2008-02-04 19:05:10,116.31784,39.89583
3527,2008-02-04 19:10:14,116.28913,39.89805
3527,2008-02-04 19:15:14,116.28804,39.89898
3527,2008-02-04 19:20:14,116.31045,39.90615
3527,2008-02-04 19:25:14,116.32865,39.90592
3527,2008-02-04 19:30:14,116.34635,39.90409
3527,2008-02-04 19:35:14,116.34213,39.89125
3527,2008-02-04 19:40:14,116.33599,39.88848
3527,2008-02-04 19:45:14,116.3335,39.89043
3527,2008-02-04 19:50:14,116.34202,39.88808
3527,2008-02-04 19:55:14,116.34694,39.88817
3527,2008-02-04 20:00:14,116.3492,39.89481
3527,2008-02-04 20:05:14,116.3524,39.89499
3527,2008-02-04 20:10:14,116.34984,39.88828
3527,2008-02-04 20:15:14,116.34299,39.88832
3527,2008-02-04 20:20:14,116.32851,39.89169
3527,2008-02-04 20:25:14,116.32854,39.89044
3527,2008-02-04 20:30:14,116.34162,39.89646
3527,2008-02-04 20:35:14,116.36643,39.8982
3527,2008-02-04 20:40:14,116.36813,39.89467
3527,2008-02-04 20:45:14,116.36815,39.88927
3527,2008-02-04 20:50:14,116.3681,39.88223
3527,2008-02-04 20:55:14,116.36777,39.86439
3527,2008-02-04 21:00:14,116.37896,39.8555
3527,2008-02-04 21:05:14,116.38039,39.84525
3527,2008-02-04 21:10:14,116.38774,39.84015
3527,2008-02-04 21:15:14,116.38067,39.8388
3527,2008-02-04 21:25:14,116.37247,39.83041
3527,2008-02-04 21:30:14,116.36118,39.79704
3527,2008-02-04 21:40:14,116.37322,39.76412
3527,2008-02-04 21:45:14,116.37323,39.76404
3527,2008-02-04 21:50:14,116.37315,39.76405
3527,2008-02-04 21:55:13,116.37322,39.76429
3527,2008-02-04 22:00:13,116.37332,39.76423
3527,2008-02-04 22:05:13,116.37324,39.76422
3527,2008-02-04 22:10:13,116.37323,39.76415
3527,2008-02-04 22:15:13,116.37327,39.76419
3527,2008-02-04 22:20:13,116.37324,39.76431
3527,2008-02-04 22:25:13,116.37326,39.76431
3527,2008-02-04 22:30:13,116.37332,39.7642
3527,2008-02-04 22:40:13,116.37323,39.76427
3527,2008-02-04 22:50:13,116.37303,39.76406
3527,2008-02-04 22:55:13,116.37317,39.76436
3527,2008-02-04 23:00:16,116.37309,39.76423
3527,2008-02-04 23:05:13,116.37298,39.76412
3527,2008-02-04 23:10:13,116.37319,39.76435
3527,2008-02-04 23:15:13,116.37321,39.76412
3527,2008-02-04 23:20:13,116.37323,39.76408
3527,2008-02-04 23:25:13,116.37332,39.76405
3527,2008-02-04 23:30:13,116.3733,39.7642
3527,2008-02-04 23:35:13,116.37321,39.76413
3527,2008-02-04 23:40:13,116.37326,39.76413
3527,2008-02-04 23:45:13,116.37327,39.76412
3527,2008-02-04 23:45:13,116.37327,39.76412
3527,2008-02-04 23:50:13,116.37333,39.76408
3527,2008-02-04 23:50:13,116.37333,39.76408
3527,2008-02-04 23:55:13,116.37331,39.76414
3527,2008-02-05 00:10:13,116.37324,39.76403
3527,2008-02-05 00:10:35,116.37325,39.76403
3527,2008-02-05 00:15:13,116.37319,39.76403
3527,2008-02-05 00:20:13,116.37326,39.76407
3527,2008-02-05 00:25:13,116.37325,39.76407
3527,2008-02-05 00:30:13,116.37323,39.76405
3527,2008-02-05 00:35:13,116.37324,39.76404
3527,2008-02-05 00:35:13,116.37324,39.76404
3527,2008-02-05 00:40:13,116.37323,39.76403
3527,2008-02-05 00:45:13,116.37328,39.76405
3527,2008-02-05 00:50:13,116.37327,39.7641
3527,2008-02-05 00:55:13,116.37324,39.76398
3527,2008-02-05 01:00:13,116.37325,39.764
3527,2008-02-05 01:05:13,116.37319,39.76415
3527,2008-02-05 01:15:13,116.37329,39.76408
3527,2008-02-05 01:20:13,116.3733,39.76402
3527,2008-02-05 01:25:13,116.37333,39.76415
3527,2008-02-05 01:30:13,116.37337,39.76422
3527,2008-02-05 01:35:13,116.3733,39.76409
3527,2008-02-05 01:40:13,116.37321,39.76435
3527,2008-02-05 01:45:13,116.37329,39.76418
3527,2008-02-05 01:50:13,116.37334,39.76419
3527,2008-02-05 01:55:13,116.37334,39.76438
3527,2008-02-05 02:05:13,116.37327,39.76432
3527,2008-02-05 02:30:13,116.37334,39.76417
3527,2008-02-05 02:35:13,116.3734,39.76417
3527,2008-02-05 02:45:12,116.37326,39.76413
3527,2008-02-05 02:50:12,116.37325,39.76423
3527,2008-02-05 02:55:12,116.37329,39.76421
3527,2008-02-05 03:00:12,116.3733,39.76418
3527,2008-02-05 03:05:12,116.37322,39.76426
3527,2008-02-05 03:10:12,116.37316,39.76422
3527,2008-02-05 03:15:12,116.3733,39.76424
3527,2008-02-05 03:20:12,116.37312,39.76422
3527,2008-02-05 03:25:12,116.37321,39.76425
3527,2008-02-05 03:35:14,116.37318,39.76431
3527,2008-02-05 03:40:12,116.3732,39.76426
3527,2008-02-05 03:45:12,116.37326,39.76417
3527,2008-02-05 03:50:12,116.37327,39.76415
3527,2008-02-05 04:00:12,116.37326,39.76423
3527,2008-02-05 04:05:12,116.37324,39.76417
3527,2008-02-05 04:20:12,116.37326,39.76423
3527,2008-02-05 04:25:12,116.37316,39.76402
3527,2008-02-05 04:30:12,116.3733,39.76426
3527,2008-02-05 04:35:12,116.37328,39.76429
3527,2008-02-05 04:40:12,116.37345,39.76429
3527,2008-02-05 04:40:12,116.37345,39.76429
3527,2008-02-05 04:50:12,116.3734,39.76411
3527,2008-02-05 04:55:12,116.37346,39.76424
3527,2008-02-05 05:00:12,116.37335,39.76428
3527,2008-02-05 05:05:12,116.37331,39.76405
3527,2008-02-05 05:15:12,116.37345,39.76411
3527,2008-02-05 05:20:12,116.37322,39.76402
3527,2008-02-05 05:25:12,116.37311,39.76385
3527,2008-02-05 05:30:12,116.37295,39.76423
3527,2008-02-05 05:35:12,116.37299,39.76411
3527,2008-02-05 05:40:12,116.37314,39.76419
3527,2008-02-05 05:45:12,116.37327,39.76414
3527,2008-02-05 05:50:12,116.37326,39.76414
3527,2008-02-05 05:55:12,116.37329,39.76409
3527,2008-02-05 06:00:12,116.37329,39.76405
3527,2008-02-05 06:05:12,116.37328,39.76404
3527,2008-02-05 06:10:12,116.3732,39.76413
3527,2008-02-05 06:15:12,116.37308,39.76415
3527,2008-02-05 06:20:12,116.37318,39.76423
3527,2008-02-05 06:25:12,116.37318,39.76421
3527,2008-02-05 06:30:12,116.37325,39.76416
3527,2008-02-05 06:35:12,116.37323,39.76424
3527,2008-02-05 06:40:12,116.37322,39.76418
3527,2008-02-05 06:45:12,116.37321,39.76413
3527,2008-02-05 06:50:12,116.37318,39.76403
3527,2008-02-05 06:55:12,116.37323,39.76414
3527,2008-02-05 07:05:12,116.37313,39.76402
3527,2008-02-05 07:05:12,116.37313,39.76402
3527,2008-02-05 07:10:12,116.37304,39.7642
3527,2008-02-05 07:15:12,116.37322,39.76426
3527,2008-02-05 07:20:12,116.37325,39.76414
3527,2008-02-05 07:25:12,116.37325,39.76412
3527,2008-02-05 07:30:11,116.37325,39.7641
3527,2008-02-05 07:35:11,116.3733,39.76408
3527,2008-02-05 07:40:11,116.37327,39.76409
3527,2008-02-05 07:45:11,116.37333,39.76411
3527,2008-02-05 07:50:11,116.37315,39.76417
3527,2008-02-05 07:55:11,116.37327,39.76417
3527,2008-02-05 08:00:11,116.37343,39.76403
3527,2008-02-05 08:10:11,116.37329,39.76427
3527,2008-02-05 08:20:11,116.37318,39.7643
3527,2008-02-05 08:25:11,116.37326,39.76421
3527,2008-02-05 08:30:11,116.37326,39.76417
3527,2008-02-05 08:35:11,116.37328,39.76419
3527,2008-02-05 08:40:11,116.37328,39.7641
3527,2008-02-05 08:55:11,116.37324,39.76411
3527,2008-02-05 09:00:11,116.3732,39.764
3527,2008-02-05 09:05:11,116.37323,39.76397
3527,2008-02-05 09:10:11,116.37323,39.76414
3527,2008-02-05 09:15:11,116.37323,39.76408
3527,2008-02-05 09:20:11,116.37323,39.76416
3527,2008-02-05 09:30:11,116.37158,39.7952
3527,2008-02-05 09:30:11,116.37158,39.7952
3527,2008-02-05 09:35:11,116.38658,39.8051
3527,2008-02-05 09:40:11,116.39494,39.8247
3527,2008-02-05 09:45:11,116.3944,39.84758
3527,2008-02-05 09:50:11,116.41047,39.85571
3527,2008-02-05 09:55:11,116.45505,39.87624
3527,2008-02-05 10:00:11,116.4558,39.91687
3527,2008-02-05 10:05:11,116.46337,39.90826
3527,2008-02-05 10:10:11,116.45272,39.89748
3527,2008-02-05 10:15:11,116.4394,39.8933
3527,2008-02-05 10:20:11,116.44473,39.87656
3527,2008-02-05 10:25:11,116.44027,39.87853
3527,2008-02-05 10:30:11,116.45702,39.90312
3527,2008-02-05 10:35:11,116.48388,39.93396
3527,2008-02-05 10:40:11,116.48807,39.96253
3527,2008-02-05 10:45:11,116.48379,39.97457
3527,2008-02-05 10:50:11,116.49244,39.97916
3527,2008-02-05 10:55:11,116.48416,39.97906
3527,2008-02-05 11:00:11,116.48829,39.96091
3527,2008-02-05 11:05:11,116.48346,39.93356
3527,2008-02-05 11:10:11,116.46184,39.93247
3527,2008-02-05 11:15:11,116.46089,39.92471
3527,2008-02-05 11:20:11,116.45518,39.91715
3527,2008-02-05 11:25:11,116.45429,39.90452
3527,2008-02-05 11:30:11,116.44212,39.89799
3527,2008-02-05 11:35:11,116.43872,39.89872
3527,2008-02-05 11:40:11,116.4387,39.89873
3527,2008-02-05 11:45:11,116.43883,39.89785
3527,2008-02-05 11:50:11,116.42387,39.89237
3527,2008-02-05 11:55:11,116.40621,39.89141
3527,2008-02-05 11:55:11,116.40621,39.89141
3527,2008-02-05 12:00:11,116.38917,39.88498
3527,2008-02-05 12:05:11,116.37868,39.88692
3527,2008-02-05 12:15:10,116.38869,39.89009
3527,2008-02-05 12:20:10,116.37853,39.89355
3527,2008-02-05 12:25:10,116.37858,39.88545
3527,2008-02-05 12:31:52,116.38954,39.88497
3527,2008-02-05 12:35:10,116.39193,39.88503
3527,2008-02-05 12:40:10,116.40149,39.88854
3527,2008-02-05 12:45:10,116.41284,39.89151
3527,2008-02-05 12:50:10,116.43725,39.89784
3527,2008-02-05 12:50:54,116.44151,39.90234
3527,2008-02-05 12:55:10,116.45511,39.90035
3527,2008-02-05 13:00:10,116.43879,39.89814
3527,2008-02-05 13:05:10,116.4247,39.89239
3527,2008-02-05 13:10:10,116.4245,39.88798
3527,2008-02-05 13:15:10,116.41017,39.88688
3527,2008-02-05 13:20:10,116.3948,39.88556
3527,2008-02-05 13:25:10,116.3883,39.88493
3527,2008-02-05 13:30:10,116.37856,39.88726
3527,2008-02-05 13:35:10,116.36139,39.88528
3527,2008-02-05 13:40:10,116.35742,39.88702
3527,2008-02-05 13:45:10,116.36567,39.88775
3527,2008-02-05 13:50:10,116.36737,39.88782
3527,2008-02-05 13:55:10,116.37338,39.89179
3527,2008-02-05 14:00:10,116.37343,39.89183
3527,2008-02-05 14:05:10,116.37333,39.89175
3527,2008-02-05 14:10:10,116.3733,39.89192
3527,2008-02-05 14:15:10,116.37005,39.89208
3527,2008-02-05 14:20:10,116.36982,39.89166
3527,2008-02-05 14:20:10,116.36982,39.89166
3527,2008-02-05 14:25:10,116.36835,39.89363
3527,2008-02-05 14:30:10,116.36793,39.90514
3527,2008-02-05 14:35:10,116.36748,39.90894
3527,2008-02-05 14:40:10,116.36947,39.90978
3527,2008-02-05 14:45:10,116.37018,39.90839
3527,2008-02-05 14:50:10,116.36791,39.90084
3527,2008-02-05 14:55:10,116.36796,39.89917
3527,2008-02-05 15:00:10,116.36277,39.88805
3527,2008-02-05 15:05:10,116.35732,39.88408
3527,2008-02-05 15:10:10,116.35024,39.88825
3527,2008-02-05 15:15:10,116.33571,39.87931
3527,2008-02-05 15:20:10,116.33326,39.88342
3527,2008-02-05 15:25:10,116.33364,39.88359
3527,2008-02-05 15:30:10,116.33358,39.8838
3527,2008-02-05 15:35:10,116.3335,39.88361
3527,2008-02-05 15:40:10,116.33357,39.88368
3527,2008-02-05 15:45:10,116.33353,39.88355
3527,2008-02-05 15:50:10,116.33357,39.88367
3527,2008-02-05 15:55:10,116.33357,39.88376
3527,2008-02-05 16:00:10,116.32608,39.88341
3527,2008-02-05 16:05:10,116.32614,39.88335
3527,2008-02-05 16:10:10,116.32603,39.88293
3527,2008-02-05 16:15:10,116.32787,39.88338
3527,2008-02-05 16:20:10,116.35185,39.88797
3527,2008-02-05 16:20:10,116.35185,39.88797
3527,2008-02-05 16:20:10,116.35185,39.88797
3527,2008-02-05 16:25:10,116.36539,39.88789
3527,2008-02-05 16:30:10,116.36667,39.88792
3527,2008-02-05 16:35:10,116.3683,39.89104
3527,2008-02-05 16:40:10,116.36805,39.90253
3527,2008-02-05 16:45:50,116.36787,39.90465
3527,2008-02-05 16:50:09,116.36792,39.90509
3527,2008-02-05 16:55:09,116.36988,39.90772
3527,2008-02-05 17:00:09,116.36781,39.90512
3527,2008-02-05 17:05:09,116.36806,39.89767
3527,2008-02-05 17:10:09,116.37027,39.89342
3527,2008-02-05 17:15:09,116.36797,39.89392
3527,2008-02-05 17:20:09,116.3734,39.8971
3527,2008-02-05 17:25:09,116.37638,39.89737
3527,2008-02-05 17:30:09,116.37136,39.88811
3527,2008-02-05 17:35:09,116.36813,39.89354
3527,2008-02-05 17:40:09,116.35828,39.88794
3527,2008-02-05 17:45:09,116.33649,39.88711
3527,2008-02-05 17:50:09,116.3301,39.87632
3527,2008-02-05 17:55:09,116.33022,39.88395
3527,2008-02-05 18:00:09,116.3431,39.8742
3527,2008-02-05 18:05:09,116.33524,39.85934
3527,2008-02-05 18:15:09,116.33032,39.88524
3527,2008-02-05 18:25:09,116.32954,39.88337
3527,2008-02-05 18:30:09,116.31659,39.88308
3527,2008-02-05 18:35:09,116.31148,39.88283
3527,2008-02-05 18:40:09,116.31459,39.87388
3527,2008-02-05 18:45:09,116.33033,39.87863
3527,2008-02-05 18:50:09,116.33107,39.88848
3527,2008-02-05 18:55:09,116.36169,39.8879
3527,2008-02-05 19:00:09,116.36091,39.89221
3527,2008-02-05 19:10:09,116.36784,39.88814
3527,2008-02-05 19:10:09,116.36784,39.88814
3527,2008-02-05 19:15:09,116.35734,39.88438
3527,2008-02-05 19:20:09,116.3526,39.88764
3527,2008-02-05 19:30:09,116.34256,39.87917
3527,2008-02-05 19:35:09,116.34891,39.86664
3527,2008-02-05 19:40:09,116.35874,39.85147
3527,2008-02-05 19:45:09,116.3654,39.84935
3527,2008-02-05 19:50:09,116.37246,39.83907
3527,2008-02-05 19:55:09,116.37305,39.83286
3527,2008-02-05 20:00:09,116.3589,39.81772
3527,2008-02-05 20:10:09,116.37317,39.76414
3527,2008-02-05 20:25:09,116.37322,39.76417
3527,2008-02-05 20:30:09,116.37321,39.76428
3527,2008-02-05 20:35:09,116.3732,39.76418
3527,2008-02-05 20:40:09,116.37328,39.76407
3527,2008-02-05 20:45:09,116.37329,39.76423
3527,2008-02-05 20:50:09,116.37321,39.76425
3527,2008-02-05 20:55:09,116.37329,39.76419
3527,2008-02-05 21:00:09,116.37323,39.7641
3527,2008-02-05 21:05:09,116.37324,39.76402
3527,2008-02-05 21:10:09,116.37321,39.76405
3527,2008-02-05 21:15:09,116.37314,39.7641
3527,2008-02-05 21:20:09,116.37319,39.76409
3527,2008-02-05 21:25:09,116.37321,39.7641
3527,2008-02-05 21:30:09,116.37323,39.76409
3527,2008-02-05 21:35:09,116.37323,39.76411
3527,2008-02-05 21:35:09,116.37323,39.76411
3527,2008-02-05 21:40:08,116.37311,39.76427
3527,2008-02-05 21:45:08,116.3732,39.76427
3527,2008-02-05 21:50:08,116.37316,39.76411
3527,2008-02-05 21:55:08,116.37314,39.76397
3527,2008-02-05 22:00:08,116.37316,39.76416
3527,2008-02-05 22:05:08,116.37315,39.76398
3527,2008-02-05 22:10:08,116.3732,39.76416
3527,2008-02-05 22:15:08,116.37318,39.7641
3527,2008-02-05 22:20:08,116.37324,39.76431
3527,2008-02-05 22:25:08,116.37329,39.76424
3527,2008-02-05 22:30:08,116.37318,39.76436
3527,2008-02-05 22:35:08,116.37324,39.76445
3527,2008-02-05 22:40:08,116.37321,39.76438
3527,2008-02-05 22:45:08,116.37318,39.76436
3527,2008-02-05 22:50:08,116.37312,39.76414
3527,2008-02-05 22:55:08,116.37316,39.76409
3527,2008-02-05 23:00:08,116.37313,39.76424
3527,2008-02-05 23:10:08,116.37321,39.7643
3527,2008-02-05 23:15:08,116.37325,39.76412
3527,2008-02-05 23:25:08,116.37331,39.7642
3527,2008-02-05 23:30:08,116.37325,39.76412
3527,2008-02-05 23:35:08,116.37323,39.76414
3527,2008-02-05 23:40:08,116.37323,39.76412
3527,2008-02-05 23:45:08,116.37321,39.76406
3527,2008-02-05 23:50:08,116.37322,39.76415
3527,2008-02-05 23:55:08,116.37321,39.76407
3527,2008-02-06 00:00:08,116.37316,39.76401
3527,2008-02-06 00:00:08,116.37316,39.76401
3527,2008-02-06 00:05:08,116.37318,39.76408
3527,2008-02-06 00:10:08,116.37316,39.76408
3527,2008-02-06 00:10:39,116.37317,39.7641
3527,2008-02-06 00:15:08,116.37321,39.76414
3527,2008-02-06 00:20:08,116.3732,39.76404
3527,2008-02-06 00:25:08,116.37307,39.7641
3527,2008-02-06 00:30:08,116.37308,39.76412
3527,2008-02-06 00:40:08,116.37323,39.76406
3527,2008-02-06 00:45:08,116.37323,39.76402
3527,2008-02-06 00:50:08,116.37322,39.76407
3527,2008-02-06 00:55:08,116.37316,39.76402
3527,2008-02-06 01:00:08,116.37325,39.76398
3527,2008-02-06 01:05:08,116.37316,39.76422
3527,2008-02-06 01:15:08,116.37318,39.76399
3527,2008-02-06 01:20:08,116.3732,39.764
3527,2008-02-06 01:25:08,116.37322,39.76411
3527,2008-02-06 01:30:08,116.37328,39.76423
3527,2008-02-06 01:35:08,116.3733,39.76425
3527,2008-02-06 01:40:08,116.37319,39.76425
3527,2008-02-06 01:45:08,116.37323,39.76423
3527,2008-02-06 01:50:08,116.37327,39.76422
3527,2008-02-06 01:55:08,116.37322,39.76426
3527,2008-02-06 02:05:08,116.37334,39.76426
3527,2008-02-06 02:15:08,116.37339,39.7642
3527,2008-02-06 02:20:08,116.37339,39.76413
3527,2008-02-06 02:25:07,116.37322,39.76403
3527,2008-02-06 02:25:07,116.37322,39.76403
3527,2008-02-06 02:30:07,116.37318,39.76408
3527,2008-02-06 02:35:07,116.37317,39.76406
3527,2008-02-06 02:40:08,116.37325,39.76411
3527,2008-02-06 02:45:07,116.37321,39.76413
3527,2008-02-06 02:50:07,116.3732,39.76418
3527,2008-02-06 02:55:07,116.37322,39.76425
3527,2008-02-06 03:00:07,116.37322,39.7641
3527,2008-02-06 03:05:07,116.37313,39.76404
3527,2008-02-06 03:10:07,116.37314,39.7641
3527,2008-02-06 03:15:07,116.37322,39.76414
3527,2008-02-06 03:20:07,116.37319,39.76409
3527,2008-02-06 03:25:07,116.37314,39.76422
3527,2008-02-06 03:30:07,116.37318,39.76424
3527,2008-02-06 03:35:07,116.37318,39.76426
3527,2008-02-06 03:40:07,116.37315,39.76429
3527,2008-02-06 03:45:07,116.37316,39.76419
3527,2008-02-06 03:50:07,116.37312,39.76429
3527,2008-02-06 03:55:07,116.37312,39.76425
3527,2008-02-06 04:00:07,116.37313,39.76422
3527,2008-02-06 04:05:07,116.37318,39.76418
3527,2008-02-06 04:10:07,116.37321,39.76417
3527,2008-02-06 04:15:07,116.3733,39.76457
3527,2008-02-06 04:20:07,116.37321,39.7644
3527,2008-02-06 04:25:07,116.37326,39.7643
3527,2008-02-06 04:30:07,116.37323,39.76431
3527,2008-02-06 04:35:07,116.37323,39.76433
3527,2008-02-06 04:50:07,116.37332,39.76429
3527,2008-02-06 04:50:07,116.37332,39.76429
3527,2008-02-06 04:55:07,116.37326,39.7641
3527,2008-02-06 05:05:07,116.37316,39.76437
3527,2008-02-06 05:10:07,116.37324,39.76435
3527,2008-02-06 05:15:07,116.37323,39.76418
3527,2008-02-06 05:20:07,116.37324,39.76411
3527,2008-02-06 05:25:07,116.37312,39.76404
3527,2008-02-06 05:30:07,116.37311,39.76413
3527,2008-02-06 05:35:07,116.37319,39.76417
3527,2008-02-06 05:40:08,116.37319,39.76406
3527,2008-02-06 05:45:07,116.3732,39.76409
3527,2008-02-06 05:50:07,116.3732,39.76414
3527,2008-02-06 05:55:07,116.37322,39.76413
3527,2008-02-06 06:00:07,116.37319,39.76414
3527,2008-02-06 06:05:07,116.37301,39.76422
3527,2008-02-06 06:10:07,116.37313,39.76417
3527,2008-02-06 06:15:07,116.37319,39.76409
3527,2008-02-06 06:20:07,116.37311,39.76413
3527,2008-02-06 06:25:07,116.37319,39.76413
3527,2008-02-06 06:30:07,116.37321,39.76414
3527,2008-02-06 06:35:07,116.37324,39.76408
3527,2008-02-06 06:45:07,116.37323,39.76403
3527,2008-02-06 06:50:07,116.37321,39.76401
3527,2008-02-06 06:55:07,116.37322,39.76404
3527,2008-02-06 07:00:07,116.37321,39.76404
3527,2008-02-06 07:05:07,116.3732,39.76407
3527,2008-02-06 07:10:07,116.37319,39.76412
3527,2008-02-06 07:15:06,116.37331,39.76404
3527,2008-02-06 07:15:06,116.37331,39.76404
3527,2008-02-06 07:20:06,116.37321,39.76408
3527,2008-02-06 07:25:06,116.37321,39.76408
3527,2008-02-06 07:30:06,116.37327,39.76416
3527,2008-02-06 07:35:06,116.37333,39.7642
3527,2008-02-06 07:40:06,116.37335,39.76428
3527,2008-02-06 07:45:06,116.37327,39.76417
3527,2008-02-06 07:50:06,116.37327,39.76428
3527,2008-02-06 07:55:06,116.37318,39.7643
3527,2008-02-06 08:00:06,116.37314,39.76439
3527,2008-02-06 08:05:06,116.37328,39.76421
3527,2008-02-06 08:15:06,116.37317,39.76426
3527,2008-02-06 08:20:06,116.37321,39.76412
3527,2008-02-06 08:25:06,116.37322,39.76424
3527,2008-02-06 08:30:06,116.37321,39.76421
3527,2008-02-06 08:35:06,116.37327,39.76413
3527,2008-02-06 08:40:06,116.37332,39.76418
3527,2008-02-06 08:45:06,116.37327,39.76406
3527,2008-02-06 08:50:06,116.37319,39.76408
3527,2008-02-06 08:55:06,116.37317,39.76413
3527,2008-02-06 09:00:06,116.37317,39.76403
3527,2008-02-06 09:05:06,116.37314,39.76402
3527,2008-02-06 09:10:06,116.37324,39.76408
3527,2008-02-06 09:15:06,116.3732,39.76419
3527,2008-02-06 09:20:06,116.37322,39.76413
3527,2008-02-06 09:25:06,116.37323,39.76408
3527,2008-02-06 09:30:06,116.37319,39.76411
3527,2008-02-06 09:35:06,116.37324,39.76414
3527,2008-02-06 09:40:06,116.37325,39.76418
3527,2008-02-06 09:40:06,116.37325,39.76418
3527,2008-02-06 09:45:06,116.37336,39.76467
3527,2008-02-06 09:50:06,116.37321,39.76415
3527,2008-02-06 09:55:06,116.37273,39.78059
3527,2008-02-06 10:00:06,116.35761,39.79257
3527,2008-02-06 10:05:06,116.339,39.81232
3527,2008-02-06 10:10:06,116.32614,39.84769
3527,2008-02-06 10:15:06,116.28795,39.85641
3527,2008-02-06 10:20:06,116.28863,39.87039
3527,2008-02-06 10:25:06,116.29778,39.89556
3527,2008-02-06 10:30:06,116.30409,39.89182
3527,2008-02-06 10:35:06,116.29578,39.8835
3527,2008-02-06 10:40:06,116.30727,39.88451
3527,2008-02-06 10:45:06,116.32621,39.88324
3527,2008-02-06 10:50:06,116.32601,39.88338
3527,2008-02-06 10:55:06,116.31169,39.88292
3527,2008-02-06 11:00:06,116.30533,39.88076
3527,2008-02-06 11:05:06,116.31971,39.88311
3527,2008-02-06 11:10:06,116.32624,39.88159
3527,2008-02-06 11:15:06,116.31562,39.88323
3527,2008-02-06 11:20:06,116.31511,39.88846
3527,2008-02-06 11:25:06,116.3353,39.88815
3527,2008-02-06 11:30:06,116.35612,39.88794
3527,2008-02-06 11:35:06,116.36575,39.88201
3527,2008-02-06 11:40:06,116.35263,39.88644
3527,2008-02-06 11:50:06,116.35226,39.88799
3527,2008-02-06 11:55:06,116.35281,39.88217
3527,2008-02-06 12:05:06,116.32241,39.88325
3527,2008-02-06 12:05:06,116.32241,39.88325
3527,2008-02-06 12:10:05,116.32624,39.88132
3527,2008-02-06 12:15:05,116.34238,39.88838
3527,2008-02-06 12:20:05,116.34267,39.88984
3527,2008-02-06 12:25:05,116.35088,39.91223
3527,2008-02-06 12:30:05,116.366,39.91136
3527,2008-02-06 12:35:05,116.3675,39.90917
3527,2008-02-06 12:40:05,116.36807,39.89537
3527,2008-02-06 12:45:05,116.36745,39.88188
3527,2008-02-06 12:50:05,116.35261,39.887
3527,2008-02-06 12:55:05,116.33642,39.88471
3527,2008-02-06 13:00:05,116.33434,39.88674
3527,2008-02-06 13:05:05,116.33622,39.89772
3527,2008-02-06 13:10:05,116.339,39.91378
3527,2008-02-06 13:15:05,116.35084,39.92182
3527,2008-02-06 13:20:05,116.35292,39.93481
3527,2008-02-06 13:25:05,116.34937,39.92298
3527,2008-02-06 13:30:05,116.33825,39.90802
3527,2008-02-06 13:35:05,116.33612,39.89642
3527,2008-02-06 13:40:05,116.33649,39.8893
3527,2008-02-06 13:45:05,116.33365,39.88199
3527,2008-02-06 13:50:05,116.33372,39.88174
3527,2008-02-06 13:55:05,116.33366,39.88172
3527,2008-02-06 14:00:05,116.33368,39.88182
3527,2008-02-06 14:05:05,116.33265,39.8814
3527,2008-02-06 14:15:05,116.33032,39.88322
3527,2008-02-06 14:20:05,116.32178,39.8832
3527,2008-02-06 14:25:05,116.30438,39.88553
3527,2008-02-06 14:30:05,116.29593,39.90199
3527,2008-02-06 14:30:05,116.29593,39.90199
3527,2008-02-06 14:35:05,116.31437,39.89919
3527,2008-02-06 14:40:05,116.32974,39.8958
3527,2008-02-06 14:45:05,116.33491,39.88676
3527,2008-02-06 14:50:05,116.31544,39.88318
3527,2008-02-06 14:55:05,116.31512,39.87391
3527,2008-02-06 15:00:05,116.3209,39.88308
3527,2008-02-06 15:05:05,116.33994,39.88811
3527,2008-02-06 15:10:05,116.34752,39.87644
3527,2008-02-06 15:25:05,116.4259,39.85677
3527,2008-02-06 15:30:05,116.40376,39.85596
3527,2008-02-06 15:35:05,116.38044,39.85512
3527,2008-02-06 15:40:06,116.36964,39.8493
3527,2008-02-06 15:45:05,116.35422,39.84457
3527,2008-02-06 15:50:05,116.35279,39.84003
3527,2008-02-06 16:00:05,116.35882,39.81402
3527,2008-02-06 16:10:05,116.37333,39.76412
3527,2008-02-06 16:15:05,116.37336,39.76412
3527,2008-02-06 16:20:05,116.37329,39.76419
3527,2008-02-06 16:25:05,116.37332,39.76417
3527,2008-02-06 16:30:05,116.37333,39.76417
3527,2008-02-06 16:35:05,116.37335,39.76393
3527,2008-02-06 16:40:05,116.37325,39.7641
3527,2008-02-06 16:45:04,116.37332,39.7641
3527,2008-02-06 16:50:04,116.37331,39.76407
3527,2008-02-06 16:55:04,116.37332,39.76415
3527,2008-02-06 16:55:04,116.37332,39.76415
3527,2008-02-06 17:00:04,116.3733,39.76417
3527,2008-02-06 17:05:04,116.3733,39.76418
3527,2008-02-06 17:10:04,116.37329,39.76412
3527,2008-02-06 17:15:04,116.37356,39.76445
3527,2008-02-06 17:20:04,116.37341,39.76439
3527,2008-02-06 17:25:04,116.37353,39.76441
3527,2008-02-06 17:30:04,116.37337,39.76419
3527,2008-02-06 17:35:04,116.37332,39.76412
3527,2008-02-06 17:40:04,116.37329,39.76408
3527,2008-02-06 17:45:04,116.37329,39.7641
3527,2008-02-06 17:50:04,116.37334,39.76401
3527,2008-02-06 17:55:04,116.37331,39.76407
3527,2008-02-06 18:00:04,116.37334,39.76412
3527,2008-02-06 18:05:04,116.37338,39.76412
3527,2008-02-06 18:10:04,116.37326,39.76407
3527,2008-02-06 18:15:04,116.37325,39.76414
3527,2008-02-06 18:20:04,116.37336,39.76413
3527,2008-02-06 18:25:04,116.37323,39.76413
3527,2008-02-06 18:35:04,116.37325,39.76404
3527,2008-02-06 18:40:04,116.37322,39.76413
3527,2008-02-06 18:45:04,116.37325,39.76408
3527,2008-02-06 18:50:04,116.37324,39.76408
3527,2008-02-06 18:55:04,116.37329,39.7641
3527,2008-02-06 19:00:04,116.37329,39.76409
3527,2008-02-06 19:05:04,116.37327,39.76415
3527,2008-02-06 19:10:04,116.37325,39.76415
3527,2008-02-06 19:20:04,116.37317,39.7641
3527,2008-02-06 19:20:04,116.37317,39.7641
3527,2008-02-06 19:25:04,116.37326,39.76406
3527,2008-02-06 19:25:04,116.37326,39.76406
3527,2008-02-06 19:35:04,116.37324,39.7641
3527,2008-02-06 19:40:04,116.37329,39.76409
3527,2008-02-06 19:45:04,116.37336,39.7642
3527,2008-02-06 19:50:04,116.37331,39.76417
3527,2008-02-06 19:55:04,116.37331,39.76421
3527,2008-02-06 20:00:04,116.37338,39.76436
3527,2008-02-06 20:05:04,116.37335,39.76419
3527,2008-02-06 20:10:04,116.37337,39.76415
3527,2008-02-06 20:15:04,116.37334,39.76414
3527,2008-02-06 20:20:04,116.3732,39.76419
3527,2008-02-06 20:25:04,116.37332,39.76415
3527,2008-02-06 20:30:04,116.37334,39.76409
3527,2008-02-06 20:35:04,116.37334,39.76406
3527,2008-02-06 20:40:04,116.37333,39.76413
3527,2008-02-06 20:45:04,116.37339,39.76416
3527,2008-02-06 20:50:04,116.37342,39.7641
3527,2008-02-06 20:55:04,116.37334,39.76416
3527,2008-02-06 21:00:04,116.37322,39.76403
3527,2008-02-06 21:05:04,116.37329,39.76411
3527,2008-02-06 21:10:04,116.37318,39.76417
3527,2008-02-06 21:15:04,116.37327,39.76412
3527,2008-02-06 21:20:04,116.37319,39.76416
3527,2008-02-06 21:25:03,116.37314,39.76407
3527,2008-02-06 21:30:03,116.37312,39.76429
3527,2008-02-06 21:35:03,116.37329,39.76417
3527,2008-02-06 21:40:04,116.37327,39.76413
3527,2008-02-06 21:45:03,116.37322,39.76407
3527,2008-02-06 21:50:03,116.37331,39.76423
3527,2008-02-06 21:50:03,116.37331,39.76423
3527,2008-02-06 21:55:03,116.37329,39.76409
3527,2008-02-06 22:00:03,116.37328,39.76419
3527,2008-02-06 22:05:03,116.37326,39.76423
3527,2008-02-06 22:10:03,116.37316,39.76422
3527,2008-02-06 22:15:03,116.37329,39.76422
3527,2008-02-06 22:20:03,116.37332,39.76429
3527,2008-02-06 22:25:03,116.37321,39.76425
3527,2008-02-06 22:30:03,116.37321,39.76415
3527,2008-02-06 22:35:03,116.37315,39.76424
3527,2008-02-06 22:40:03,116.3732,39.76424
3527,2008-02-06 22:45:03,116.37314,39.76423
3527,2008-02-06 22:50:03,116.37305,39.76409
3527,2008-02-06 22:55:03,116.37328,39.76433
3527,2008-02-06 23:00:03,116.37323,39.76425
3527,2008-02-06 23:05:03,116.3731,39.76407
3527,2008-02-06 23:10:03,116.37332,39.76414
3527,2008-02-06 23:15:03,116.37332,39.76414
3527,2008-02-06 23:20:03,116.37336,39.76422
3527,2008-02-06 23:25:03,116.37335,39.76413
3527,2008-02-06 23:30:03,116.37339,39.7642
3527,2008-02-06 23:35:03,116.37336,39.76413
3527,2008-02-06 23:40:03,116.37325,39.76407
3527,2008-02-06 23:45:03,116.37335,39.76415
3527,2008-02-06 23:50:03,116.37335,39.76409
3527,2008-02-06 23:55:03,116.37337,39.7641
3527,2008-02-07 00:00:03,116.37331,39.76409
3527,2008-02-07 00:05:03,116.37328,39.76405
3527,2008-02-07 00:10:03,116.37322,39.76402
3527,2008-02-07 00:10:03,116.37322,39.76402
3527,2008-02-07 00:10:43,116.37327,39.76405
3527,2008-02-07 00:15:03,116.37328,39.76406
3527,2008-02-07 00:15:03,116.37328,39.76406
3527,2008-02-07 00:20:03,116.37332,39.7641
3527,2008-02-07 00:25:03,116.37331,39.76411
3527,2008-02-07 00:30:03,116.37334,39.76411
3527,2008-02-07 00:35:03,116.37331,39.76404
3527,2008-02-07 00:40:03,116.37332,39.76406
3527,2008-02-07 00:45:03,116.37326,39.76411
3527,2008-02-07 00:50:03,116.37332,39.76408
3527,2008-02-07 00:55:03,116.37334,39.76405
3527,2008-02-07 01:15:03,116.37346,39.76401
3527,2008-02-07 01:20:03,116.37339,39.76416
3527,2008-02-07 01:25:03,116.37338,39.76402
3527,2008-02-07 01:30:03,116.37327,39.76406
3527,2008-02-07 01:35:03,116.37325,39.76416
3527,2008-02-07 01:40:03,116.37332,39.764
3527,2008-02-07 01:45:03,116.37327,39.76421
3527,2008-02-07 01:50:03,116.37346,39.7644
3527,2008-02-07 01:55:03,116.3733,39.76428
3527,2008-02-07 02:00:03,116.37343,39.76434
3527,2008-02-07 02:15:02,116.3734,39.76415
3527,2008-02-07 02:20:02,116.37347,39.7642
3527,2008-02-07 02:25:02,116.37342,39.76413
3527,2008-02-07 02:30:02,116.37373,39.76418
3527,2008-02-07 02:35:02,116.37334,39.76412
3527,2008-02-07 02:40:02,116.3733,39.76413
3527,2008-02-07 02:40:02,116.3733,39.76413
3527,2008-02-07 02:45:02,116.37327,39.76413
3527,2008-02-07 02:50:02,116.37332,39.76423
3527,2008-02-07 02:55:02,116.37327,39.76408
3527,2008-02-07 03:00:02,116.37325,39.76415
3527,2008-02-07 03:10:02,116.37325,39.76424
3527,2008-02-07 03:15:02,116.37318,39.7641
3527,2008-02-07 03:20:02,116.37318,39.76412
3527,2008-02-07 03:25:02,116.37327,39.76412
3527,2008-02-07 03:30:02,116.37319,39.76424
3527,2008-02-07 03:35:02,116.37324,39.76411
3527,2008-02-07 03:40:02,116.37324,39.76414
3527,2008-02-07 03:45:02,116.37321,39.76425
3527,2008-02-07 03:50:02,116.37327,39.76413
3527,2008-02-07 03:55:02,116.37329,39.76416
3527,2008-02-07 04:00:02,116.37326,39.76421
3527,2008-02-07 04:05:02,116.37324,39.76407
3527,2008-02-07 04:15:02,116.37342,39.76432
3527,2008-02-07 04:20:02,116.37319,39.76403
3527,2008-02-07 04:25:02,116.37331,39.76429
3527,2008-02-07 04:30:02,116.37343,39.7642
3527,2008-02-07 04:35:02,116.37341,39.76437
3527,2008-02-07 04:40:02,116.37353,39.7642
3527,2008-02-07 04:45:02,116.37345,39.76418
3527,2008-02-07 04:50:02,116.3736,39.76441
3527,2008-02-07 04:55:02,116.37344,39.76413
3527,2008-02-07 05:00:02,116.37339,39.76408
3527,2008-02-07 05:05:02,116.37338,39.76402
3527,2008-02-07 05:05:02,116.37338,39.76402
3527,2008-02-07 05:15:02,116.37328,39.76403
3527,2008-02-07 05:20:02,116.37327,39.76414
3527,2008-02-07 05:25:02,116.37308,39.76413
3527,2008-02-07 05:30:02,116.37311,39.76415
3527,2008-02-07 05:35:02,116.37327,39.76418
3527,2008-02-07 05:40:02,116.37328,39.76422
3527,2008-02-07 05:45:02,116.37324,39.76417
3527,2008-02-07 05:50:02,116.37334,39.76407
3527,2008-02-07 05:55:02,116.3733,39.76414
3527,2008-02-07 06:00:02,116.37336,39.76407
3527,2008-02-07 06:05:02,116.37318,39.76412
3527,2008-02-07 06:10:02,116.37328,39.76419
3527,2008-02-07 06:15:02,116.37323,39.76425
3527,2008-02-07 06:20:02,116.37327,39.76417
3527,2008-02-07 06:25:02,116.37328,39.76412
3527,2008-02-07 06:30:02,116.3733,39.76411
3527,2008-02-07 06:35:02,116.37324,39.7641
3527,2008-02-07 06:40:02,116.37322,39.76406
3527,2008-02-07 06:45:02,116.37325,39.76411
3527,2008-02-07 06:50:02,116.3733,39.76403
3527,2008-02-07 06:55:02,116.37314,39.76425
3527,2008-02-07 07:00:02,116.3733,39.76403
3527,2008-02-07 07:05:01,116.37318,39.76421
3527,2008-02-07 07:10:01,116.37324,39.76412
3527,2008-02-07 07:15:01,116.3733,39.7642
3527,2008-02-07 07:20:01,116.37331,39.76411
3527,2008-02-07 07:25:01,116.37331,39.76409
3527,2008-02-07 07:30:01,116.37316,39.76411
3527,2008-02-07 07:30:01,116.37316,39.76411
3527,2008-02-07 07:35:01,116.37329,39.76417
3527,2008-02-07 07:40:01,116.37337,39.764
3527,2008-02-07 07:45:01,116.37337,39.764
3527,2008-02-07 07:50:01,116.37338,39.76403
3527,2008-02-07 07:55:01,116.37331,39.76424
3527,2008-02-07 08:00:01,116.37335,39.76404
3527,2008-02-07 08:05:01,116.37332,39.76426
3527,2008-02-07 08:10:01,116.37331,39.76422
3527,2008-02-07 08:15:01,116.37335,39.76417
3527,2008-02-07 08:20:01,116.37329,39.76423
3527,2008-02-07 08:25:01,116.37328,39.76419
3527,2008-02-07 08:30:01,116.37338,39.76411
3527,2008-02-07 08:35:01,116.37328,39.76406
3527,2008-02-07 08:40:01,116.3734,39.7641
3527,2008-02-07 08:45:01,116.37328,39.76407
3527,2008-02-07 08:50:01,116.37329,39.76407
3527,2008-02-07 08:55:01,116.37317,39.76396
3527,2008-02-07 09:00:01,116.37322,39.76401
3527,2008-02-07 09:05:01,116.37329,39.76406
3527,2008-02-07 09:10:01,116.37336,39.76416
3527,2008-02-07 09:15:01,116.37328,39.7641
3527,2008-02-07 09:25:01,116.37332,39.76409
3527,2008-02-07 09:30:01,116.37327,39.76417
3527,2008-02-07 09:35:01,116.37329,39.76426
3527,2008-02-07 09:45:01,116.37326,39.76427
3527,2008-02-07 09:50:01,116.37339,39.76454
3527,2008-02-07 09:55:01,116.37328,39.76412
3527,2008-02-07 09:55:01,116.37328,39.76412
3527,2008-02-07 10:00:01,116.37327,39.76426
3527,2008-02-07 10:05:01,116.37328,39.7641
3527,2008-02-07 10:10:01,116.37329,39.76416
3527,2008-02-07 10:15:01,116.37329,39.76422
3527,2008-02-07 10:20:01,116.3733,39.76426
3527,2008-02-07 10:25:01,116.37319,39.76428
3527,2008-02-07 10:30:01,116.37325,39.7643
3527,2008-02-07 10:35:01,116.37322,39.76421
3527,2008-02-07 10:40:01,116.37342,39.76452
3527,2008-02-07 10:45:01,116.3731,39.76407
3527,2008-02-07 10:50:01,116.37306,39.76419
3527,2008-02-07 10:55:01,116.37316,39.76409
3527,2008-02-07 11:00:01,116.37333,39.76417
3527,2008-02-07 11:05:01,116.3732,39.76431
3527,2008-02-07 11:10:01,116.37315,39.76434
3527,2008-02-07 11:15:01,116.37325,39.76423
3527,2008-02-07 11:20:01,116.37341,39.76412
3527,2008-02-07 11:30:01,116.37341,39.76412
3527,2008-02-07 11:35:01,116.37345,39.76417
3527,2008-02-07 11:40:01,116.37347,39.76423
3527,2008-02-07 11:45:01,116.37317,39.76396
3527,2008-02-07 11:50:01,116.37338,39.76408
3527,2008-02-07 11:55:01,116.37332,39.7641
3527,2008-02-07 12:05:00,116.37337,39.76408
3527,2008-02-07 12:10:00,116.37333,39.76405
3527,2008-02-07 12:15:00,116.37326,39.76409
3527,2008-02-07 12:20:00,116.37325,39.76412
3527,2008-02-07 12:20:00,116.37325,39.76412
3527,2008-02-07 12:25:00,116.37323,39.76415
3527,2008-02-07 12:30:00,116.3733,39.76417
3527,2008-02-07 12:35:00,116.37331,39.76414
3527,2008-02-07 12:40:00,116.37326,39.76413
3527,2008-02-07 12:45:00,116.37331,39.76407
3527,2008-02-07 12:50:00,116.37324,39.76412
3527,2008-02-07 12:55:00,116.37332,39.76408
3527,2008-02-07 13:05:00,116.37328,39.76429
3527,2008-02-07 13:10:00,116.37336,39.76408
3527,2008-02-07 13:20:00,116.37326,39.76428
3527,2008-02-07 13:25:00,116.37297,39.76417
3527,2008-02-07 13:30:00,116.37288,39.76457
3527,2008-02-07 13:35:00,116.3732,39.76428
3527,2008-02-07 13:40:00,116.37315,39.76435
3527,2008-02-07 13:45:00,116.37328,39.7643
3527,2008-02-07 13:50:00,116.37332,39.76526
3527,2008-02-07 13:55:00,116.37322,39.76411
3527,2008-02-07 14:00:00,116.37328,39.76401
3527,2008-02-07 14:05:00,116.37331,39.76407
3527,2008-02-07 14:10:00,116.37337,39.76418
3527,2008-02-07 14:15:00,116.37346,39.76416
3527,2008-02-07 14:20:00,116.37334,39.76419
3527,2008-02-07 14:25:00,116.37322,39.76412
3527,2008-02-07 14:30:00,116.37327,39.76412
3527,2008-02-07 14:35:00,116.3733,39.76408
3527,2008-02-07 14:40:00,116.37334,39.76412
3527,2008-02-07 14:45:00,116.37333,39.76421
3527,2008-02-07 14:45:00,116.37333,39.76421
3527,2008-02-07 14:50:00,116.37335,39.76417
3527,2008-02-07 14:55:00,116.3733,39.76442
3527,2008-02-07 15:00:00,116.37335,39.76428
3527,2008-02-07 15:05:00,116.37338,39.76443
3527,2008-02-07 15:10:00,116.37322,39.76414
3527,2008-02-07 15:15:00,116.37329,39.76436
3527,2008-02-07 15:20:00,116.3733,39.76433
3527,2008-02-07 15:25:00,116.37328,39.76434
3527,2008-02-07 15:30:00,116.3733,39.76424
3527,2008-02-07 15:35:00,116.37327,39.76429
3527,2008-02-07 15:40:00,116.37331,39.76412
3527,2008-02-07 15:45:00,116.37328,39.7641
3527,2008-02-07 15:50:00,116.37326,39.76414
3527,2008-02-07 15:55:00,116.37332,39.76408
3527,2008-02-07 16:00:00,116.37314,39.76433
3527,2008-02-07 16:05:00,116.37323,39.76429
3527,2008-02-07 16:10:00,116.3733,39.76426
3527,2008-02-07 16:15:00,116.37327,39.7642
3527,2008-02-07 16:20:00,116.37333,39.76407
3527,2008-02-07 16:25:00,116.37348,39.76497
3527,2008-02-07 16:30:00,116.37336,39.76403
3527,2008-02-07 16:34:59,116.37324,39.7641
3527,2008-02-07 16:39:59,116.3733,39.76408
3527,2008-02-07 16:44:59,116.37332,39.76422
3527,2008-02-07 16:54:59,116.37333,39.76432
3527,2008-02-07 16:59:59,116.37331,39.76425
3527,2008-02-07 17:04:59,116.37328,39.76415
3527,2008-02-07 17:09:59,116.37351,39.76445
3527,2008-02-07 17:09:59,116.37351,39.76445
3527,2008-02-07 17:14:59,116.37336,39.76434
3527,2008-02-07 17:19:59,116.37351,39.7644
3527,2008-02-07 17:24:59,116.37346,39.7643
3527,2008-02-07 17:29:59,116.37333,39.76411
3527,2008-02-07 17:34:59,116.37332,39.76414
3527,2008-02-07 17:39:59,116.37331,39.7641
3527,2008-02-07 17:44:59,116.37331,39.76408
3527,2008-02-07 17:49:59,116.37334,39.76412
3527,2008-02-07 17:54:59,116.3733,39.76412
3527,2008-02-07 17:59:59,116.37337,39.76414
3527,2008-02-07 18:04:59,116.37327,39.76405
3527,2008-02-07 18:09:59,116.37335,39.76406
3527,2008-02-07 18:14:59,116.37331,39.76408
3527,2008-02-07 18:19:59,116.37321,39.76408
3527,2008-02-07 18:24:59,116.37325,39.76412
3527,2008-02-07 18:29:59,116.37329,39.76405
3527,2008-02-07 18:29:59,116.37329,39.76405
3527,2008-02-07 18:34:59,116.37333,39.76403
3527,2008-02-07 18:39:59,116.37328,39.76408
3527,2008-02-07 18:44:59,116.3733,39.76406
3527,2008-02-07 18:49:59,116.37328,39.7641
3527,2008-02-07 18:54:59,116.3733,39.76411
3527,2008-02-07 18:59:59,116.37328,39.76419
3527,2008-02-07 19:04:59,116.37325,39.76417
3527,2008-02-07 19:09:59,116.37323,39.76415
3527,2008-02-07 19:14:59,116.37335,39.76419
3527,2008-02-07 19:19:59,116.37334,39.76421
3527,2008-02-07 19:24:59,116.37332,39.76417
3527,2008-02-07 19:29:59,116.37326,39.76429
3527,2008-02-07 19:34:59,116.37328,39.76419
3527,2008-02-07 19:34:59,116.37328,39.76419
3527,2008-02-07 19:39:59,116.37334,39.76416
3527,2008-02-07 19:44:59,116.37326,39.76414
3527,2008-02-07 19:49:59,116.3733,39.76419
3527,2008-02-07 19:59:59,116.3734,39.76425
3527,2008-02-07 20:04:59,116.3734,39.76422
3527,2008-02-07 20:09:59,116.37338,39.76419
3527,2008-02-07 20:14:59,116.37332,39.7642
3527,2008-02-07 20:19:59,116.37332,39.76421
3527,2008-02-07 20:24:59,116.37339,39.76417
3527,2008-02-07 20:29:59,116.37339,39.76408
3527,2008-02-07 20:34:59,116.37339,39.76416
3527,2008-02-07 20:39:59,116.37339,39.76413
3527,2008-02-07 20:44:59,116.37339,39.76411
3527,2008-02-07 20:49:59,116.37339,39.76413
3527,2008-02-07 20:54:59,116.37333,39.76407
3527,2008-02-07 20:59:59,116.37328,39.76418
3527,2008-02-07 21:04:59,116.37329,39.76417
3527,2008-02-07 21:09:59,116.37326,39.76413
3527,2008-02-07 21:14:59,116.37329,39.76409
3527,2008-02-07 21:19:59,116.37321,39.76408
3527,2008-02-07 21:24:58,116.37321,39.76415
3527,2008-02-07 21:29:58,116.37327,39.76414
3527,2008-02-07 21:34:58,116.37328,39.76416
3527,2008-02-07 21:39:59,116.40462,40.07401
3527,2008-02-07 21:39:59,116.40462,40.07401
3527,2008-02-07 21:44:58,116.37331,39.76418
3527,2008-02-07 21:49:58,116.37327,39.76408
3527,2008-02-07 21:54:58,116.3733,39.76417
3527,2008-02-07 21:59:58,116.37326,39.76416
3527,2008-02-07 21:59:58,116.37326,39.76416
3527,2008-02-07 22:04:58,116.37331,39.76432
3527,2008-02-07 22:09:58,116.37324,39.76428
3527,2008-02-07 22:14:58,116.3733,39.76428
3527,2008-02-07 22:19:58,116.37328,39.76423
3527,2008-02-07 22:24:58,116.37325,39.76415
3527,2008-02-07 22:29:58,116.37311,39.76407
3527,2008-02-07 22:34:58,116.37321,39.76409
3527,2008-02-07 22:39:58,116.37319,39.76423
3527,2008-02-07 22:44:58,116.37288,39.76393
3527,2008-02-07 22:49:58,116.37323,39.76433
3527,2008-02-07 22:54:58,116.37301,39.76409
3527,2008-02-07 22:59:58,116.37348,39.76446
3527,2008-02-07 23:04:58,116.37331,39.76407
3527,2008-02-07 23:09:58,116.37328,39.7641
3527,2008-02-07 23:14:58,116.37338,39.76418
3527,2008-02-07 23:19:58,116.37336,39.76414
3527,2008-02-07 23:24:58,116.37334,39.76415
3527,2008-02-07 23:29:58,116.37331,39.76407
3527,2008-02-07 23:34:58,116.37326,39.76414
3527,2008-02-07 23:39:58,116.37331,39.7641
3527,2008-02-07 23:44:58,116.37341,39.76408
3527,2008-02-07 23:49:58,116.37332,39.7641
3527,2008-02-07 23:54:58,116.37333,39.7641
3527,2008-02-07 23:59:58,116.37331,39.76404
3527,2008-02-08 00:04:58,116.3733,39.76408
3527,2008-02-08 00:09:58,116.37329,39.76408
3527,2008-02-08 00:10:47,116.37327,39.76411
3527,2008-02-08 00:14:58,116.37324,39.76404
3527,2008-02-08 00:19:58,116.37326,39.76405
3527,2008-02-08 00:24:58,116.37324,39.76415
3527,2008-02-08 00:24:58,116.37324,39.76415
3527,2008-02-08 00:29:58,116.3733,39.76407
3527,2008-02-08 00:34:58,116.37327,39.76409
3527,2008-02-08 00:39:58,116.37326,39.76409
3527,2008-02-08 00:44:58,116.37328,39.76403
3527,2008-02-08 00:49:58,116.37333,39.76403
3527,2008-02-08 00:54:58,116.3733,39.76413
3527,2008-02-08 00:59:58,116.37325,39.76412
3527,2008-02-08 01:04:58,116.37326,39.76412
3527,2008-02-08 01:09:58,116.37333,39.76406
3527,2008-02-08 01:14:58,116.37331,39.76411
3527,2008-02-08 01:19:58,116.37346,39.76407
3527,2008-02-08 01:24:58,116.37329,39.76402
3527,2008-02-08 01:29:58,116.37324,39.76417
3527,2008-02-08 01:34:58,116.3733,39.76411
3527,2008-02-08 01:39:58,116.37319,39.76429
3527,2008-02-08 01:44:58,116.3734,39.76431
3527,2008-02-08 01:49:58,116.37319,39.76433
3527,2008-02-08 01:54:58,116.37341,39.76426
3527,2008-02-08 01:59:58,116.37343,39.76419
3527,2008-02-08 02:24:57,116.37349,39.76415
3527,2008-02-08 02:49:57,116.37335,39.76419
3527,2008-02-08 02:49:57,116.37335,39.76419
3527,2008-02-08 02:54:57,116.37321,39.76409
3527,2008-02-08 02:59:57,116.37323,39.76416
3527,2008-02-08 03:04:57,116.37327,39.7642
3527,2008-02-08 03:09:57,116.37314,39.7642
3527,2008-02-08 03:14:57,116.37333,39.76411
3527,2008-02-08 03:19:57,116.37327,39.76426
3527,2008-02-08 03:24:57,116.37326,39.76427
3527,2008-02-08 03:29:57,116.3733,39.7641
3527,2008-02-08 03:34:57,116.37332,39.76409
3527,2008-02-08 03:39:57,116.37326,39.76414
3527,2008-02-08 03:44:57,116.37327,39.76411
3527,2008-02-08 03:49:57,116.37332,39.76417
3527,2008-02-08 03:54:57,116.37332,39.7642
3527,2008-02-08 03:59:57,116.37339,39.76416
3527,2008-02-08 04:04:57,116.37339,39.76474
3527,2008-02-08 04:09:57,116.37345,39.76463
3527,2008-02-08 04:14:57,116.37339,39.76422
3527,2008-02-08 04:19:57,116.37335,39.76425
3527,2008-02-08 04:24:57,116.37341,39.76431
3527,2008-02-08 04:29:57,116.37349,39.7643
3527,2008-02-08 04:34:59,116.3734,39.76418
3527,2008-02-08 04:44:57,116.37339,39.76415
3527,2008-02-08 04:49:57,116.37356,39.76439
3527,2008-02-08 04:54:57,116.37334,39.76409
3527,2008-02-08 04:59:57,116.37339,39.76417
3527,2008-02-08 05:04:57,116.37341,39.76407
3527,2008-02-08 05:09:57,116.37347,39.76421
3527,2008-02-08 05:14:57,116.37332,39.76412
3527,2008-02-08 05:14:57,116.37332,39.76412
3527,2008-02-08 05:19:57,116.37308,39.76422
3527,2008-02-08 05:24:57,116.37321,39.76411
3527,2008-02-08 05:29:57,116.37321,39.76417
3527,2008-02-08 05:34:57,116.37323,39.76426
3527,2008-02-08 05:39:57,116.37331,39.76419
3527,2008-02-08 05:44:57,116.37332,39.7641
3527,2008-02-08 05:49:57,116.37329,39.76409
3527,2008-02-08 05:54:57,116.37332,39.76408
3527,2008-02-08 05:59:57,116.37326,39.7641
3527,2008-02-08 06:04:57,116.37326,39.76414
3527,2008-02-08 06:09:57,116.37325,39.76419
3527,2008-02-08 06:14:57,116.37321,39.76415
3527,2008-02-08 06:19:57,116.37321,39.76413
3527,2008-02-08 06:24:57,116.3733,39.7641
3527,2008-02-08 06:29:57,116.37329,39.7641
3527,2008-02-08 06:34:57,116.37328,39.7641
3527,2008-02-08 06:39:57,116.3733,39.76414
3527,2008-02-08 06:44:57,116.37329,39.76412
3527,2008-02-08 06:49:57,116.37321,39.7641
3527,2008-02-08 06:54:56,116.37327,39.76404
3527,2008-02-08 06:59:56,116.37305,39.76417
3527,2008-02-08 07:04:56,116.37315,39.7642
3527,2008-02-08 07:09:56,116.37329,39.76412
3527,2008-02-08 07:14:56,116.37334,39.76411
3527,2008-02-08 07:19:56,116.3733,39.76404
3527,2008-02-08 07:24:56,116.37329,39.76405
3527,2008-02-08 07:29:56,116.37336,39.76406
3527,2008-02-08 07:34:56,116.3733,39.76419
3527,2008-02-08 07:39:56,116.37338,39.76415
3527,2008-02-08 07:39:56,116.37338,39.76415
3527,2008-02-08 07:44:56,116.37339,39.76403
3527,2008-02-08 07:49:56,116.37339,39.7642
3527,2008-02-08 07:54:56,116.37341,39.76417
3527,2008-02-08 07:59:56,116.3733,39.76428
3527,2008-02-08 08:04:56,116.37341,39.76426
3527,2008-02-08 08:09:56,116.37331,39.76417
3527,2008-02-08 08:14:56,116.37335,39.76413
3527,2008-02-08 08:19:56,116.37332,39.76416
3527,2008-02-08 08:24:56,116.37334,39.76412
3527,2008-02-08 08:29:56,116.37338,39.7641
3527,2008-02-08 08:34:56,116.37327,39.76412
3527,2008-02-08 08:39:56,116.37325,39.76413
3527,2008-02-08 08:44:56,116.37326,39.76408
3527,2008-02-08 08:49:56,116.37326,39.76404
3527,2008-02-08 08:54:56,116.37329,39.76407
3527,2008-02-08 08:59:56,116.37333,39.76406
3527,2008-02-08 09:04:56,116.37327,39.76417
3527,2008-02-08 09:09:56,116.37332,39.76412
3527,2008-02-08 09:14:56,116.37331,39.76412
3527,2008-02-08 09:19:56,116.37333,39.76409
3527,2008-02-08 09:24:56,116.37328,39.76425
3527,2008-02-08 09:29:56,116.37328,39.76412
3527,2008-02-08 09:34:56,116.37337,39.76427
3527,2008-02-08 09:39:56,116.37331,39.76461
3527,2008-02-08 09:44:56,116.37327,39.76416
3527,2008-02-08 09:49:56,116.37327,39.76411
3527,2008-02-08 09:54:56,116.37326,39.76427
3527,2008-02-08 09:59:56,116.37332,39.76413
3527,2008-02-08 10:04:56,116.37326,39.76413
3527,2008-02-08 10:04:56,116.37326,39.76413
3527,2008-02-08 10:09:56,116.37313,39.76427
3527,2008-02-08 10:14:56,116.3733,39.76417
3527,2008-02-08 10:19:56,116.37316,39.76419
3527,2008-02-08 10:24:56,116.37327,39.76438
3527,2008-02-08 10:29:56,116.37335,39.76434
3527,2008-02-08 10:34:56,116.3743,39.76446
3527,2008-02-08 10:39:56,116.37158,39.79535
3527,2008-02-08 10:44:56,116.35898,39.81475
3527,2008-02-08 10:50:15,116.36515,39.84532
3527,2008-02-08 10:54:56,116.35881,39.85304
3527,2008-02-08 10:59:56,116.36224,39.86432
3527,2008-02-08 11:04:56,116.38841,39.87011
3527,2008-02-08 11:09:56,116.4398,39.87621
3527,2008-02-08 11:14:56,116.44532,39.88033
3527,2008-02-08 11:19:56,116.42215,39.87971
3527,2008-02-08 11:24:56,116.41189,39.87193
3527,2008-02-08 11:29:56,116.39445,39.86411
3527,2008-02-08 11:35:34,116.38068,39.85992
3527,2008-02-08 11:39:56,116.37749,39.85785
3527,2008-02-08 11:44:56,116.38411,39.87072
3527,2008-02-08 11:49:55,116.33133,39.86697
3527,2008-02-08 11:54:55,116.33021,39.87431
3527,2008-02-08 11:59:55,116.35607,39.86752
3527,2008-02-08 12:04:55,116.3933,39.86455
3527,2008-02-08 12:14:55,116.40735,39.87046
3527,2008-02-08 12:19:55,116.43339,39.8715
3527,2008-02-08 12:19:55,116.43339,39.8715
3527,2008-02-08 12:24:55,116.43308,39.8717
3527,2008-02-08 12:29:55,116.4117,39.86406
3527,2008-02-08 12:29:55,116.4117,39.86406
3527,2008-02-08 12:34:55,116.39719,39.86394
3527,2008-02-08 12:39:55,116.39246,39.88487
3527,2008-02-08 12:44:55,116.37843,39.88806
3527,2008-02-08 12:49:55,116.36788,39.88446
3527,2008-02-08 12:54:55,116.36197,39.87701
3527,2008-02-08 12:59:55,116.35447,39.86855
3527,2008-02-08 13:04:55,116.34427,39.87609
3527,2008-02-08 13:09:55,116.34258,39.892
3527,2008-02-08 13:14:55,116.35065,39.90041
3527,2008-02-08 13:19:55,116.35007,39.92429
3527,2008-02-08 13:24:55,116.35638,39.93525
3527,2008-02-08 13:29:55,116.36071,39.92665
3527,2008-02-08 13:34:55,116.34718,39.91683
3527,2008-02-08 13:39:55,116.34377,39.90104
3527,2008-02-08 13:44:55,116.34123,39.86977
3527,2008-02-08 13:49:55,116.33025,39.87909
3527,2008-02-08 13:54:55,116.33362,39.88179
3527,2008-02-08 13:59:55,116.3336,39.8818
3527,2008-02-08 14:04:55,116.33358,39.8817
3527,2008-02-08 14:09:55,116.3336,39.8818
3527,2008-02-08 14:14:55,116.33358,39.88178
3527,2008-02-08 14:19:55,116.33347,39.88165
3527,2008-02-08 14:24:55,116.33355,39.88171
3527,2008-02-08 14:29:55,116.33353,39.88167
3527,2008-02-08 14:40:48,116.32799,39.87854
3527,2008-02-08 14:40:49,104.65812,28.05624
3527,2008-02-08 14:44:55,116.32835,39.87974
3527,2008-02-08 14:49:55,116.32627,39.8835
3527,2008-02-08 14:54:55,116.32799,39.8833
3527,2008-02-08 14:54:55,116.32799,39.8833
3527,2008-02-08 15:04:55,116.34656,39.89974
3527,2008-02-08 15:09:55,116.35233,39.88801
3527,2008-02-08 15:14:55,116.36286,39.88189
3527,2008-02-08 15:19:55,116.36838,39.8933
3527,2008-02-08 15:24:55,116.36186,39.88469
3527,2008-02-08 15:29:55,116.37855,39.88614
3527,2008-02-08 15:34:55,116.37969,39.86305
3527,2008-02-08 15:39:55,116.38055,39.8566
3527,2008-02-08 15:44:55,116.376,39.85291
3527,2008-02-08 15:49:55,116.38049,39.8468
3527,2008-02-08 15:54:55,116.37044,39.84902
3527,2008-02-08 15:59:55,116.3682,39.86819
3527,2008-02-08 16:04:55,116.36833,39.88743
3527,2008-02-08 16:09:55,116.3506,39.89097
3527,2008-02-08 16:14:55,116.34893,39.88801
3527,2008-02-08 16:19:54,116.37081,39.88788
3527,2008-02-08 16:25:33,116.38124,39.87874
3527,2008-02-08 16:29:54,116.38065,39.8574
3527,2008-02-08 16:34:54,116.373,39.84456
3527,2008-02-08 16:39:54,116.37256,39.83862
3527,2008-02-08 16:44:54,116.37194,39.83458
3527,2008-02-08 16:49:54,116.38047,39.84108
3527,2008-02-08 16:54:54,116.38072,39.85004
3527,2008-02-08 16:59:54,116.37239,39.84128
3527,2008-02-08 17:04:54,116.36996,39.84481
3527,2008-02-08 17:09:54,116.3673,39.86139
3527,2008-02-08 17:14:54,116.36561,39.86429
3527,2008-02-08 17:19:54,116.36818,39.86844
3527,2008-02-08 17:19:54,116.36818,39.86844
3527,2008-02-08 17:24:54,116.37457,39.88781
3527,2008-02-08 17:29:54,116.37876,39.88212
3527,2008-02-08 17:34:54,116.38056,39.85674
