taxi_id,time,lon,lat
6304,2008-02-02 20:18:43,116.27905,39.88823
6304,2008-02-02 20:29:50,116.28396,39.88828
6304,2008-02-02 20:32:42,116.28033,39.88822
6304,2008-02-02 21:03:09,116.12799,39.73707
6304,2008-02-02 21:04:15,116.11997,39.73237
6304,2008-02-02 21:08:10,116.09756,39.72621
6304,2008-02-02 21:13:12,116.05168,39.72141
6304,2008-02-02 21:14:19,116.04796,39.72014
6304,2008-02-02 21:19:24,116.01476,39.72245
6304,2008-02-02 21:20:15,116.00811,39.72242
6304,2008-02-02 21:24:26,115.96302,39.72417
6304,2008-02-02 21:24:26,115.96302,39.72417
6304,2008-02-02 21:25:16,115.962,39.72452
6304,2008-02-02 21:29:27,115.94015,39.72675
6304,2008-02-02 21:40:34,115.94984,39.72861
6304,2008-02-02 21:42:25,115.95451,39.73359
6304,2008-02-02 21:45:26,115.95678,39.73331
6304,2008-02-02 21:50:34,115.95678,39.73336
6304,2008-02-02 21:59:35,115.95674,39.73331
6304,2008-02-02 22:04:49,115.94812,39.72679
6304,2008-02-02 22:08:39,115.93961,39.72577
6304,2008-02-02 22:13:46,115.93961,39.72595
6304,2008-02-02 22:13:46,115.93961,39.72595
6304,2008-02-02 22:13:46,115.93961,39.72595
6304,2008-02-02 22:13:46,115.93961,39.72595
6304,2008-02-02 22:13:46,115.93961,39.72595
6304,2008-02-02 22:13:46,115.93961,39.72595
6304,2008-02-02 22:13:46,115.93961,39.72595
6304,2008-02-02 22:13:46,115.93961,39.72595
6304,2008-02-02 22:13:46,115.93961,39.72595
6304,2008-02-02 22:13:46,115.93961,39.72595
6304,2008-02-02 22:13:46,115.93961,39.72595
6304,2008-02-02 22:13:46,115.93961,39.72595
6304,2008-02-02 22:13:46,115.93961,39.72595
6304,2008-02-02 22:13:46,115.93961,39.72595
6304,2008-02-02 22:13:46,115.93961,39.72595
6304,2008-02-02 22:13:46,115.93961,39.72595
6304,2008-02-02 22:13:46,115.93961,39.72595
6304,2008-02-02 22:13:46,115.93961,39.72595
6304,2008-02-02 22:13:46,115.93961,39.72595
6304,2008-02-02 22:13:46,115.93961,39.72595
6304,2008-02-02 22:13:46,115.93961,39.72595
6304,2008-02-02 22:13:46,115.93961,39.72595
6304,2008-02-02 22:13:46,115.93961,39.72595
6304,2008-02-03 08:16:24,115.93955,39.72585
6304,2008-02-03 08:21:25,115.94402,39.72755
6304,2008-02-03 08:29:18,116.02566,39.72005
6304,2008-02-03 08:31:28,116.04548,39.721
6304,2008-02-03 08:39:22,116.11345,39.72756
6304,2008-02-03 08:41:32,116.1212,39.73286
6304,2008-02-03 08:44:23,116.12988,39.74563
6304,2008-02-03 08:46:33,116.1361,39.7519
6304,2008-02-03 08:49:25,116.1548,39.77057
6304,2008-02-03 08:54:27,116.20322,39.81408
6304,2008-02-03 08:56:36,116.20536,39.83533
6304,2008-02-03 08:59:27,116.21825,39.84404
6304,2008-02-03 09:04:29,116.27052,39.87299
6304,2008-02-03 09:06:39,116.27898,39.87654
6304,2008-02-03 09:09:31,116.3047,39.88254
6304,2008-02-03 09:16:42,116.31078,39.89564
6304,2008-02-03 09:19:34,116.31978,39.8956
6304,2008-02-03 09:21:44,116.31626,39.89201
6304,2008-02-03 09:25:36,116.31522,39.892
6304,2008-02-03 09:29:39,116.31508,39.89229
6304,2008-02-03 09:37:46,116.29591,39.87993
6304,2008-02-03 09:38:51,116.28973,39.87887
6304,2008-02-03 09:42:47,116.26978,39.87038
6304,2008-02-03 09:43:53,116.26732,39.86922
6304,2008-02-03 09:43:53,116.26732,39.86922
6304,2008-02-03 09:47:49,116.25778,39.86256
6304,2008-02-03 09:48:55,116.25416,39.86186
6304,2008-02-03 09:52:51,116.26085,39.86405
6304,2008-02-03 09:57:52,116.27704,39.87348
6304,2008-02-03 09:58:58,116.28227,39.87543
6304,2008-02-03 10:04:00,116.31739,39.88845
6304,2008-02-03 10:07:56,116.33238,39.88848
6304,2008-02-03 10:17:59,116.3439,39.89296
6304,2008-02-03 10:19:05,116.34386,39.89422
6304,2008-02-03 10:23:01,116.3469,39.89077
6304,2008-02-03 10:28:02,116.34681,39.89523
6304,2008-02-03 10:29:08,116.34681,39.89523
6304,2008-02-03 10:33:04,116.34682,39.8955
6304,2008-02-03 10:34:09,116.34756,39.89654
6304,2008-02-03 10:39:05,116.35071,39.89731
6304,2008-02-03 10:39:10,116.35071,39.89732
6304,2008-02-03 10:49:08,116.35014,39.92017
6304,2008-02-03 10:49:13,116.35009,39.92089
6304,2008-02-03 10:54:10,116.35128,39.95084
6304,2008-02-03 10:54:15,116.35135,39.95096
6304,2008-02-03 10:59:17,116.35934,39.95127
6304,2008-02-03 11:04:13,116.36605,39.94409
6304,2008-02-03 11:04:18,116.36606,39.94384
6304,2008-02-03 11:09:15,116.36272,39.94671
6304,2008-02-03 11:14:16,116.34927,39.93619
6304,2008-02-03 11:14:22,116.34927,39.93603
6304,2008-02-03 11:18:19,116.34928,39.93332
6304,2008-02-03 11:25:26,116.34735,39.93282
6304,2008-02-03 11:25:26,116.34735,39.93282
6304,2008-02-03 11:39:35,116.32169,39.93119
6304,2008-02-03 11:40:21,116.32041,39.93122
6304,2008-02-03 11:45:22,116.30396,39.92743
6304,2008-02-03 11:49:38,116.29179,39.90632
6304,2008-02-03 11:49:38,116.29179,39.90632
6304,2008-02-03 11:54:40,116.26865,39.90638
6304,2008-02-03 11:55:26,116.26855,39.90638
6304,2008-02-03 11:59:41,116.252,39.90624
6304,2008-02-03 12:00:27,116.24765,39.90624
6304,2008-02-03 12:04:43,116.22521,39.90619
6304,2008-02-03 12:05:29,116.21998,39.90619
6304,2008-02-03 12:09:45,116.19179,39.9062
6304,2008-02-03 12:10:31,116.18868,39.90619
6304,2008-02-03 12:14:46,116.18341,39.90585
6304,2008-02-03 12:19:48,116.20565,39.90611
6304,2008-02-03 12:24:50,116.232,39.90618
6304,2008-02-03 12:25:36,116.23824,39.90618
6304,2008-02-03 12:29:51,116.25725,39.9062
6304,2008-02-03 12:34:53,116.28163,39.90607
6304,2008-02-03 12:35:39,116.28572,39.9062
6304,2008-02-03 12:39:55,116.31069,39.90585
6304,2008-02-03 12:40:41,116.31064,39.90249
6304,2008-02-03 12:45:42,116.30356,39.89701
6304,2008-02-03 12:49:58,116.30017,39.88766
6304,2008-02-03 12:50:44,116.3004,39.88647
6304,2008-02-03 12:55:00,116.28661,39.88845
6304,2008-02-03 12:55:45,116.28259,39.88846
6304,2008-02-03 13:06:08,116.26831,39.91199
6304,2008-02-03 13:06:14,116.26843,39.913
6304,2008-02-03 13:11:10,116.26545,39.9457
6304,2008-02-03 13:11:16,116.26462,39.94573
6304,2008-02-03 13:18:12,116.25431,39.95481
6304,2008-02-03 13:20:13,116.2539,39.95535
6304,2008-02-03 13:26:14,116.25541,39.95134
6304,2008-02-03 13:26:14,116.25541,39.95134
6304,2008-02-03 13:26:26,116.25531,39.95037
6304,2008-02-03 13:31:17,116.25528,39.95028
6304,2008-02-03 13:35:17,116.25481,39.94544
6304,2008-02-03 13:35:17,116.25481,39.94544
6304,2008-02-03 13:36:33,116.26574,39.94559
6304,2008-02-03 13:41:35,116.26992,39.95173
6304,2008-02-03 13:45:21,116.27861,39.95644
6304,2008-02-03 13:46:36,116.27815,39.95976
6304,2008-02-03 13:50:22,116.29289,39.95787
6304,2008-02-03 13:51:38,116.29633,39.95864
6304,2008-02-03 13:55:24,116.30532,39.96194
6304,2008-02-03 13:56:40,116.31462,39.96543
6304,2008-02-03 14:01:41,116.32784,39.97109
6304,2008-02-03 14:05:27,116.33885,39.97275
6304,2008-02-03 14:06:43,116.33881,39.97272
6304,2008-02-03 14:11:29,116.3476,39.98169
6304,2008-02-03 14:16:46,116.39425,39.98677
6304,2008-02-03 14:21:33,116.40151,40.00085
6304,2008-02-03 14:21:48,116.40152,40.00084
6304,2008-02-03 14:26:34,116.40332,40.02572
6304,2008-02-03 14:26:50,116.40373,40.02819
6304,2008-02-03 14:31:36,116.40596,40.04548
6304,2008-02-03 14:31:51,116.406,40.04646
6304,2008-02-03 14:36:38,116.41974,40.06581
6304,2008-02-03 14:36:53,116.42108,40.06563
6304,2008-02-03 14:41:39,116.43372,40.07145
6304,2008-02-03 14:41:55,116.43384,40.07149
6304,2008-02-03 14:46:41,116.44237,40.08245
6304,2008-02-03 14:46:56,116.44267,40.08267
6304,2008-02-03 14:51:43,116.42176,40.069
6304,2008-02-03 14:51:58,116.4189,40.0696
6304,2008-02-03 14:57:00,116.40897,40.05669
6304,2008-02-03 15:01:46,116.39885,40.06654
6304,2008-02-03 15:02:01,116.39661,40.06626
6304,2008-02-03 15:05:47,116.38645,40.06513
6304,2008-02-03 15:05:47,116.38645,40.06513
6304,2008-02-03 15:23:01,116.40767,40.05443
6304,2008-02-03 15:24:07,116.40552,40.04824
6304,2008-02-03 15:28:02,116.40242,40.02196
6304,2008-02-03 15:29:09,116.40146,40.01222
6304,2008-02-03 15:33:04,116.40156,39.99758
6304,2008-02-03 15:34:10,116.4014,39.99615
6304,2008-02-03 15:38:06,116.39304,39.98711
6304,2008-02-03 15:39:12,116.38195,39.98675
6304,2008-02-03 15:44:08,116.36905,39.98585
6304,2008-02-03 15:44:14,116.3696,39.98585
6304,2008-02-03 15:49:09,116.41436,39.98742
6304,2008-02-03 15:49:15,116.41572,39.98745
6304,2008-02-03 15:54:11,116.46568,39.97193
6304,2008-02-03 15:54:17,116.46663,39.97284
6304,2008-02-03 15:59:13,116.51752,40.01664
6304,2008-02-03 15:59:19,116.51905,40.0172
6304,2008-02-03 16:04:14,116.57909,40.0469
6304,2008-02-03 16:04:20,116.57915,40.04696
6304,2008-02-03 16:09:16,116.58644,40.07895
6304,2008-02-03 16:09:22,116.58643,40.07916
6304,2008-02-03 16:14:18,116.57921,40.04738
6304,2008-02-03 16:14:24,116.57915,40.04736
6304,2008-02-03 16:14:24,116.57915,40.04736
6304,2008-02-03 16:19:19,116.5143,40.01538
6304,2008-02-03 16:19:25,116.51294,40.01457
6304,2008-02-03 16:24:21,116.46003,39.9724
6304,2008-02-03 16:24:27,116.45899,39.97303
6304,2008-02-03 16:29:22,116.40949,39.98732
6304,2008-02-03 16:29:29,116.4086,39.98729
6304,2008-02-03 16:34:24,116.36391,39.98603
6304,2008-02-03 16:34:30,116.3626,39.98598
6304,2008-02-03 16:39:32,116.30538,39.98405
6304,2008-02-03 16:44:27,116.2686,39.9635
6304,2008-02-03 16:44:27,116.2686,39.9635
6304,2008-02-03 16:44:34,116.26872,39.96252
6304,2008-02-03 16:49:29,116.25562,39.95248
6304,2008-02-03 16:49:35,116.2557,39.95319
6304,2008-02-03 16:52:31,116.25505,39.95477
6304,2008-02-03 16:57:38,116.25504,39.95477
6304,2008-02-03 16:57:38,116.25504,39.95477
6304,2008-02-03 16:57:38,116.25504,39.95477
6304,2008-02-03 16:57:38,116.25504,39.95477
6304,2008-02-03 16:57:38,116.25504,39.95477
6304,2008-02-03 16:57:38,116.25504,39.95477
6304,2008-02-03 16:57:38,116.25504,39.95477
6304,2008-02-03 16:57:38,116.25504,39.95477
6304,2008-02-03 16:57:38,116.25504,39.95477
6304,2008-02-03 16:57:38,116.25504,39.95477
6304,2008-02-03 16:57:38,116.25504,39.95477
6304,2008-02-03 16:57:38,116.25504,39.95477
6304,2008-02-03 16:57:38,116.25504,39.95477
6304,2008-02-03 18:07:01,116.2553,39.95051
6304,2008-02-03 18:12:02,116.26031,39.94566
6304,2008-02-03 18:12:15,116.26216,39.94565
6304,2008-02-03 18:17:03,116.26902,39.92776
6304,2008-02-03 18:17:16,116.26912,39.92554
6304,2008-02-03 18:22:05,116.27438,39.90617
6304,2008-02-03 18:22:17,116.27449,39.90618
6304,2008-02-03 18:27:06,116.28588,39.90621
6304,2008-02-03 18:27:19,116.28588,39.90621
6304,2008-02-03 18:32:08,116.31375,39.90612
6304,2008-02-03 18:32:20,116.31394,39.90611
6304,2008-02-03 18:37:10,116.3196,39.90611
6304,2008-02-03 18:37:22,116.3216,39.90609
6304,2008-02-03 18:42:11,116.33472,39.91266
6304,2008-02-03 18:42:24,116.33501,39.91264
6304,2008-02-03 18:47:13,116.3426,39.91266
6304,2008-02-03 18:47:25,116.3426,39.91267
6304,2008-02-03 18:52:15,116.35361,39.91183
6304,2008-02-03 18:52:27,116.35344,39.91145
6304,2008-02-03 18:57:16,116.35352,39.91009
6304,2008-02-03 18:57:29,116.35357,39.91075
6304,2008-02-03 19:02:18,116.35692,39.91008
6304,2008-02-03 19:02:30,116.35692,39.91006
6304,2008-02-03 19:07:20,116.35688,39.90746
6304,2008-02-03 19:07:32,116.35687,39.90746
6304,2008-02-03 19:12:21,116.34524,39.90595
6304,2008-02-03 19:12:34,116.34343,39.90597
6304,2008-02-03 19:17:23,116.33397,39.90593
6304,2008-02-03 19:17:35,116.33397,39.90593
6304,2008-02-03 19:22:25,116.33159,39.90193
6304,2008-02-03 19:22:37,116.33129,39.90196
6304,2008-02-03 19:27:26,116.32959,39.90307
6304,2008-02-03 19:27:39,116.32951,39.90329
6304,2008-02-03 19:32:28,116.33409,39.90587
6304,2008-02-03 19:32:40,116.33421,39.90587
6304,2008-02-03 19:37:30,116.34648,39.90241
6304,2008-02-03 19:37:42,116.34648,39.90195
6304,2008-02-03 19:42:31,116.35048,39.89773
6304,2008-02-03 19:42:44,116.35049,39.89772
6304,2008-02-03 19:47:33,116.35719,39.89186
6304,2008-02-03 19:47:45,116.35719,39.8915
6304,2008-02-03 19:52:34,116.35725,39.88933
6304,2008-02-03 19:52:47,116.35725,39.8893
6304,2008-02-03 19:57:36,116.3675,39.88189
6304,2008-02-03 19:57:49,116.368,39.88162
6304,2008-02-03 19:57:49,116.368,39.88162
6304,2008-02-03 20:02:38,116.36801,39.86599
6304,2008-02-03 20:02:38,116.36801,39.86599
6304,2008-02-03 20:02:50,116.36791,39.865
6304,2008-02-03 20:07:39,116.37973,39.85552
6304,2008-02-03 20:07:52,116.37995,39.85549
6304,2008-02-03 20:10:41,116.38052,39.85307
6304,2008-02-03 20:19:48,116.40301,39.85566
6304,2008-02-03 20:19:54,116.40389,39.85566
6304,2008-02-03 20:24:50,116.45493,39.8687
6304,2008-02-03 20:24:56,116.45496,39.86957
6304,2008-02-03 20:29:51,116.46636,39.88306
6304,2008-02-03 20:29:57,116.46657,39.88306
6304,2008-02-03 20:34:53,116.45797,39.88316
6304,2008-02-03 20:34:59,116.45797,39.88316
6304,2008-02-03 20:38:55,116.45554,39.88333
6304,2008-02-03 20:44:03,116.45539,39.88334
6304,2008-02-03 20:53:15,116.45556,39.88806
6304,2008-02-03 20:56:05,116.45488,39.88828
6304,2008-02-03 20:58:17,116.45485,39.88428
6304,2008-02-03 21:01:07,116.44466,39.88328
6304,2008-02-03 21:03:19,116.43173,39.88315
6304,2008-02-03 21:06:08,116.42481,39.88678
6304,2008-02-03 21:08:20,116.42175,39.89183
6304,2008-02-03 21:11:10,116.42132,39.89549
6304,2008-02-03 21:13:22,116.42064,39.89427
6304,2008-02-03 21:16:12,116.41501,39.894
6304,2008-02-03 21:18:24,116.41261,39.89523
6304,2008-02-03 21:21:13,116.40784,39.8998
6304,2008-02-03 21:23:25,116.40528,39.90845
6304,2008-02-03 21:28:27,116.40996,39.90667
6304,2008-02-03 21:33:29,116.44973,39.907
6304,2008-02-03 21:36:18,116.45503,39.89848
6304,2008-02-03 21:38:30,116.45574,39.89538
6304,2008-02-03 21:41:20,116.4692,39.89926
6304,2008-02-03 21:43:32,116.48004,39.89853
6304,2008-02-03 21:46:22,116.4773,39.89926
6304,2008-02-03 21:48:34,116.47184,39.89919
6304,2008-02-03 21:51:23,116.46716,39.8921
6304,2008-02-03 21:53:35,116.45557,39.89457
6304,2008-02-03 21:58:26,116.45548,39.89482
6304,2008-02-03 21:58:40,116.45546,39.89565
6304,2008-02-03 21:58:40,116.45546,39.89565
6304,2008-02-03 22:03:28,116.46281,39.91224
6304,2008-02-03 22:03:28,116.46281,39.91224
6304,2008-02-03 22:03:42,116.46449,39.91227
6304,2008-02-03 22:08:29,116.47212,39.92107
6304,2008-02-03 22:08:44,116.47212,39.92107
6304,2008-02-03 22:13:45,116.47204,39.92737
6304,2008-02-03 22:14:30,116.47202,39.92474
6304,2008-02-03 22:19:32,116.47182,39.91398
6304,2008-02-03 22:23:48,116.47711,39.90673
6304,2008-02-03 22:24:34,116.48303,39.90477
6304,2008-02-03 22:28:49,116.50484,39.90771
6304,2008-02-03 22:29:35,116.50484,39.90771
6304,2008-02-03 22:33:51,116.49896,39.90808
6304,2008-02-03 22:35:37,116.49893,39.90936
6304,2008-02-03 22:41:39,116.49713,39.90691
6304,2008-02-03 22:41:39,116.49713,39.90691
6304,2008-02-03 22:41:39,116.49713,39.90691
6304,2008-02-03 22:43:54,116.46934,39.90712
6304,2008-02-03 22:46:41,116.44099,39.90715
6304,2008-02-03 22:48:56,116.41852,39.90712
6304,2008-02-03 22:51:43,116.39926,39.90656
6304,2008-02-03 22:51:43,116.39926,39.90656
6304,2008-02-03 22:53:58,116.3922,39.90632
6304,2008-02-03 22:56:44,116.37713,39.90586
6304,2008-02-03 23:01:46,116.35488,39.90592
6304,2008-02-03 23:04:01,116.34241,39.90601
6304,2008-02-03 23:06:48,116.32385,39.9062
6304,2008-02-03 23:09:03,116.31063,39.90625
6304,2008-02-03 23:11:49,116.30423,39.91956
6304,2008-02-03 23:14:04,116.3042,39.93598
6304,2008-02-03 23:19:09,116.30406,39.94656
6304,2008-02-03 23:24:11,116.30371,39.94161
6304,2008-02-03 23:24:54,116.3034,39.9411
6304,2008-02-03 23:29:12,116.31824,39.94925
6304,2008-02-03 23:29:55,116.31818,39.95031
6304,2008-02-03 23:32:56,116.31812,39.95552
6304,2008-02-03 23:42:12,116.31679,39.95909
6304,2008-02-03 23:45:04,116.31486,39.96657
6304,2008-02-03 23:47:14,116.31178,39.97419
6304,2008-02-03 23:50:06,116.31058,39.98267
6304,2008-02-03 23:52:16,116.30996,39.98855
6304,2008-02-03 23:55:07,116.30919,39.99935
6304,2008-02-03 23:57:17,116.30892,39.99817
6304,2008-02-04 00:00:09,116.31007,39.98491
6304,2008-02-04 00:02:19,116.31008,39.98476
6304,2008-02-04 00:05:11,116.31118,39.97532
6304,2008-02-04 00:07:21,116.3145,39.9657
6304,2008-02-04 00:10:12,116.30347,39.95003
6304,2008-02-04 00:12:22,116.3028,39.93839
6304,2008-02-04 00:15:14,116.29363,39.93904
6304,2008-02-04 00:17:24,116.3048,39.94055
6304,2008-02-04 00:20:16,116.30246,39.9595
6304,2008-02-04 00:22:26,116.29499,39.97454
6304,2008-02-04 00:25:17,116.28756,39.99721
6304,2008-02-04 00:27:27,116.28662,39.99884
6304,2008-02-04 00:30:19,116.28153,40.00585
6304,2008-02-04 00:32:29,116.28276,40.00111
6304,2008-02-04 00:35:21,116.28998,39.99188
6304,2008-02-04 00:37:31,116.29481,39.97584
6304,2008-02-04 00:40:22,116.30351,39.94976
6304,2008-02-04 00:42:32,116.304,39.93055
6304,2008-02-04 00:45:24,116.30411,39.90483
6304,2008-02-04 00:47:34,116.29534,39.89585
6304,2008-02-04 00:50:25,116.28827,39.88839
6304,2008-02-04 00:52:36,116.28018,39.88841
6304,2008-02-04 00:52:36,116.28018,39.88841
6304,2008-02-04 00:57:28,116.27023,39.89646
6304,2008-02-04 00:57:28,116.27023,39.89646
6304,2008-02-04 00:57:40,116.27022,39.8966
6304,2008-02-04 01:02:29,116.26617,39.87124
6304,2008-02-04 01:02:42,116.2639,39.8701
6304,2008-02-04 01:07:31,116.20703,39.84178
6304,2008-02-04 01:12:33,116.19308,39.79376
6304,2008-02-04 01:12:45,116.1921,39.79151
6304,2008-02-04 01:17:34,116.14384,39.75959
6304,2008-02-04 01:17:47,116.14256,39.7585
6304,2008-02-04 01:22:36,116.1336,39.7463
6304,2008-02-04 01:22:48,116.13188,39.74629
6304,2008-02-04 01:38:29,116.11007,39.72546
6304,2008-02-04 01:38:46,116.10864,39.72448
6304,2008-02-04 01:41:47,116.09463,39.72015
6304,2008-02-04 01:51:03,116.08617,39.71886
6304,2008-02-04 01:53:55,116.06616,39.72281
6304,2008-02-04 01:56:05,116.05108,39.72139
6304,2008-02-04 01:58:57,116.02739,39.7202
6304,2008-02-04 02:01:07,116.00386,39.72283
6304,2008-02-04 02:03:58,115.98216,39.72423
6304,2008-02-04 02:11:10,115.9397,39.72582
6304,2008-02-04 02:18:08,115.93959,39.72582
6304,2008-02-04 02:18:08,115.93959,39.72582
6304,2008-02-04 02:18:08,115.93959,39.72582
6304,2008-02-04 02:18:08,115.93959,39.72582
6304,2008-02-04 02:18:08,115.93959,39.72582
6304,2008-02-04 02:18:08,115.93959,39.72582
6304,2008-02-04 02:18:08,115.93959,39.72582
6304,2008-02-04 02:18:08,115.93959,39.72582
6304,2008-02-04 02:18:08,115.93959,39.72582
6304,2008-02-04 02:18:08,115.93959,39.72582
6304,2008-02-04 02:18:08,115.93959,39.72582
6304,2008-02-04 02:18:08,115.93959,39.72582
6304,2008-02-04 02:18:08,115.93959,39.72582
6304,2008-02-04 02:18:08,115.93959,39.72582
6304,2008-02-04 02:18:08,115.93959,39.72582
6304,2008-02-04 02:18:08,115.93959,39.72582
6304,2008-02-04 02:18:08,115.93959,39.72582
6304,2008-02-04 02:18:08,115.93959,39.72582
6304,2008-02-04 02:18:08,115.93959,39.72582
6304,2008-02-04 02:18:08,115.93959,39.72582
6304,2008-02-04 02:18:08,115.93959,39.72582
6304,2008-02-04 02:18:08,115.93959,39.72582
6304,2008-02-04 07:44:00,115.93962,39.72581
6304,2008-02-04 07:44:09,115.93962,39.72581
6304,2008-02-04 07:49:02,115.94434,39.72754
6304,2008-02-04 07:49:11,115.94532,39.72747
6304,2008-02-04 07:54:03,115.97677,39.72414
6304,2008-02-04 07:54:13,115.97809,39.72414
6304,2008-02-04 07:59:05,116.02962,39.7202
6304,2008-02-04 08:04:07,116.0967,39.72619
6304,2008-02-04 08:04:16,116.0992,39.72604
6304,2008-02-04 08:09:08,116.11662,39.72988
6304,2008-02-04 08:09:18,116.11759,39.73059
6304,2008-02-04 08:14:10,116.13603,39.75178
6304,2008-02-04 08:14:19,116.13604,39.75181
6304,2008-02-04 08:19:12,116.18838,39.78555
6304,2008-02-04 08:19:21,116.18997,39.78692
6304,2008-02-04 08:24:13,116.20568,39.84039
6304,2008-02-04 08:24:23,116.20579,39.84049
6304,2008-02-04 08:29:15,116.25636,39.86636
6304,2008-02-04 08:29:24,116.25827,39.86725
6304,2008-02-04 08:34:17,116.30437,39.88495
6304,2008-02-04 08:34:26,116.30436,39.88578
6304,2008-02-04 08:39:31,116.30456,39.89087
6304,2008-02-04 08:43:19,116.30946,39.90613
6304,2008-02-04 08:44:32,116.31863,39.90606
6304,2008-02-04 08:48:21,116.33478,39.91268
6304,2008-02-04 08:49:33,116.34419,39.91261
6304,2008-02-04 08:53:22,116.34009,39.90952
6304,2008-02-04 08:54:35,116.34009,39.90984
6304,2008-02-04 09:00:31,116.34007,39.90985
6304,2008-02-04 09:00:31,116.34007,39.90985
6304,2008-02-04 09:14:44,116.34006,39.90628
6304,2008-02-04 09:18:36,116.3292,39.9129
6304,2008-02-04 09:24:51,116.34199,39.91267
6304,2008-02-04 09:26:38,116.34781,39.91257
6304,2008-02-04 09:29:52,116.35052,39.91687
6304,2008-02-04 09:29:52,116.35052,39.91687
6304,2008-02-04 09:31:40,116.35,39.9243
6304,2008-02-04 09:34:53,116.35017,39.94662
6304,2008-02-04 09:36:42,116.3485,39.96424
6304,2008-02-04 09:39:55,116.33811,39.97518
6304,2008-02-04 09:41:43,116.33451,39.98418
6304,2008-02-04 09:44:57,116.34276,39.98561
6304,2008-02-04 09:46:45,116.32703,39.98347
6304,2008-02-04 09:49:58,116.32173,39.97889
6304,2008-02-04 09:51:46,116.32169,39.97894
6304,2008-02-04 09:55:00,116.32501,39.97523
6304,2008-02-04 09:56:48,116.31884,39.97847
6304,2008-02-04 10:00:01,116.32289,39.98434
6304,2008-02-04 10:01:50,116.32988,39.98445
6304,2008-02-04 10:04:52,116.33801,39.98486
6304,2008-02-04 10:09:53,116.36282,39.98588
6304,2008-02-04 10:10:08,116.36585,39.986
6304,2008-02-04 10:14:55,116.42013,39.98746
6304,2008-02-04 10:15:10,116.42351,39.98757
6304,2008-02-04 10:19:56,116.43963,39.98997
6304,2008-02-04 10:20:12,116.4405,39.99153
6304,2008-02-04 10:24:58,116.44153,39.99302
6304,2008-02-04 10:25:13,116.44118,39.99251
6304,2008-02-04 10:30:00,116.40103,39.9871
6304,2008-02-04 10:30:15,116.39842,39.98704
6304,2008-02-04 10:35:01,116.35034,39.98586
6304,2008-02-04 10:35:17,116.34837,39.98591
6304,2008-02-04 10:40:03,116.33981,39.96638
6304,2008-02-04 10:40:18,116.33702,39.96633
6304,2008-02-04 10:45:05,116.30299,39.95528
6304,2008-02-04 10:45:20,116.30312,39.95392
6304,2008-02-04 10:50:06,116.30399,39.92823
6304,2008-02-04 10:50:22,116.30393,39.92635
6304,2008-02-04 10:55:23,116.2991,39.91805
6304,2008-02-04 11:00:10,116.2991,39.91794
6304,2008-02-04 11:00:10,116.2991,39.91794
6304,2008-02-04 11:05:17,116.29912,39.9181
6304,2008-02-04 11:05:17,116.29912,39.9181
6304,2008-02-04 11:19:20,116.30682,39.90543
6304,2008-02-04 11:19:29,116.30778,39.90598
6304,2008-02-04 11:24:22,116.31871,39.90369
6304,2008-02-04 11:29:29,116.31865,39.90367
6304,2008-02-04 11:38:40,116.31873,39.90379
6304,2008-02-04 11:43:32,116.32106,39.89606
6304,2008-02-04 11:43:42,116.32079,39.89603
6304,2008-02-04 11:48:46,116.31886,39.89605
6304,2008-02-04 11:51:35,116.31987,39.89209
6304,2008-02-04 11:53:48,116.31532,39.892
6304,2008-02-04 11:58:49,116.31912,39.88858
6304,2008-02-04 12:01:38,116.3377,39.88834
6304,2008-02-04 12:03:51,116.34249,39.88027
6304,2008-02-04 12:06:40,116.34422,39.87736
6304,2008-02-04 12:08:41,116.34422,39.87736
6304,2008-02-04 12:13:58,116.35257,39.88191
6304,2008-02-04 12:15:43,116.3527,39.88414
6304,2008-02-04 12:19:00,116.35258,39.88709
6304,2008-02-04 12:24:01,116.35524,39.88799
6304,2008-02-04 12:25:47,116.35608,39.88798
6304,2008-02-04 12:29:03,116.35693,39.88796
6304,2008-02-04 12:30:48,116.35732,39.8912
6304,2008-02-04 12:34:05,116.3572,39.89574
6304,2008-02-04 12:35:50,116.35862,39.89568
6304,2008-02-04 12:39:06,116.36817,39.89404
6304,2008-02-04 12:40:51,116.36794,39.88904
6304,2008-02-04 12:42:52,116.36788,39.88895
6304,2008-02-04 12:46:54,116.36783,39.88896
6304,2008-02-04 12:56:11,116.36166,39.89028
6304,2008-02-04 12:57:02,116.36164,39.89029
6304,2008-02-04 13:01:13,116.37078,39.88778
6304,2008-02-04 13:02:04,116.37442,39.88782
6304,2008-02-04 13:06:14,116.38122,39.87999
6304,2008-02-04 13:07:05,116.38128,39.87948
6304,2008-02-04 13:11:16,116.39179,39.87813
6304,2008-02-04 13:12:07,116.3923,39.87176
6304,2008-02-04 13:12:07,116.3923,39.87176
6304,2008-02-04 13:17:09,116.41946,39.86992
6304,2008-02-04 13:21:19,116.43261,39.86471
6304,2008-02-04 13:22:10,116.43226,39.86123
6304,2008-02-04 13:26:20,116.42977,39.85729
6304,2008-02-04 13:27:11,116.42998,39.85728
6304,2008-02-04 13:31:22,116.42572,39.8594
6304,2008-02-04 13:32:13,116.42555,39.86023
6304,2008-02-04 13:36:23,116.41729,39.86439
6304,2008-02-04 13:36:23,116.41729,39.86439
6304,2008-02-04 13:37:14,116.41572,39.86423
6304,2008-02-04 13:41:25,116.41787,39.87967
6304,2008-02-04 13:48:24,116.41762,39.87959
6304,2008-02-04 13:48:24,116.41762,39.87959
6304,2008-02-04 13:48:24,116.41762,39.87959
6304,2008-02-04 13:48:24,116.41762,39.87959
6304,2008-02-04 13:48:24,116.41762,39.87959
6304,2008-02-04 14:17:44,116.41763,39.87974
6304,2008-02-04 14:23:40,116.41755,39.8796
6304,2008-02-04 14:23:40,116.41755,39.8796
6304,2008-02-04 14:23:40,116.41755,39.8796
6304,2008-02-04 14:23:40,116.41755,39.8796
6304,2008-02-04 14:23:40,116.41755,39.8796
6304,2008-02-04 14:23:40,116.41755,39.8796
6304,2008-02-04 14:23:40,116.41755,39.8796
6304,2008-02-04 14:23:40,116.41755,39.8796
6304,2008-02-04 14:23:40,116.41755,39.8796
6304,2008-02-04 14:23:40,116.41755,39.8796
6304,2008-02-04 14:23:40,116.41755,39.8796
6304,2008-02-04 14:23:40,116.41755,39.8796
6304,2008-02-04 14:23:40,116.41755,39.8796
6304,2008-02-04 15:38:18,116.41476,39.88138
6304,2008-02-04 15:41:05,116.42518,39.88296
6304,2008-02-04 15:43:20,116.42226,39.89201
6304,2008-02-04 15:46:07,116.43271,39.89221
6304,2008-02-04 15:48:22,116.43893,39.88385
6304,2008-02-04 15:51:08,116.44466,39.88073
6304,2008-02-04 15:56:11,116.44479,39.88065
6304,2008-02-04 16:04:18,116.44468,39.87541
6304,2008-02-04 16:05:27,116.43961,39.87586
6304,2008-02-04 16:09:19,116.43439,39.89786
6304,2008-02-04 16:10:29,116.43074,39.899
6304,2008-02-04 16:14:21,116.42948,39.90879
6304,2008-02-04 16:15:30,116.4287,39.91571
6304,2008-02-04 16:19:23,116.42789,39.93334
6304,2008-02-04 16:20:32,116.42784,39.93761
6304,2008-02-04 16:24:24,116.40214,39.94773
6304,2008-02-04 16:25:34,116.39048,39.94767
6304,2008-02-04 16:29:26,116.37317,39.95469
6304,2008-02-04 16:30:35,116.37419,39.96568
6304,2008-02-04 16:34:28,116.36631,39.99693
6304,2008-02-04 16:35:37,116.36039,40.00487
6304,2008-02-04 16:39:29,116.34219,40.02877
6304,2008-02-04 16:40:39,116.33474,40.03828
6304,2008-02-04 16:44:31,116.31442,40.06525
6304,2008-02-04 16:45:40,116.31325,40.06711
6304,2008-02-04 16:49:32,116.33872,40.07283
6304,2008-02-04 16:50:42,116.34391,40.0771
6304,2008-02-04 16:54:34,116.34306,40.07425
6304,2008-02-04 16:55:44,116.33867,40.07351
6304,2008-02-04 16:59:36,116.31067,40.07056
6304,2008-02-04 17:00:45,116.31353,40.07387
6304,2008-02-04 17:11:54,116.30729,40.07343
6304,2008-02-04 17:14:45,116.31499,40.06392
6304,2008-02-04 17:16:58,116.33303,40.04033
6304,2008-02-04 17:19:47,116.35494,40.01165
6304,2008-02-04 17:22:00,116.35975,40.00559
6304,2008-02-04 17:24:48,116.37313,39.98292
6304,2008-02-04 17:27:01,116.37365,39.9649
6304,2008-02-04 17:29:50,116.37291,39.95193
6304,2008-02-04 17:32:03,116.36646,39.9497
6304,2008-02-04 17:34:52,116.36549,39.94875
6304,2008-02-04 17:37:05,116.36562,39.94784
6304,2008-02-04 17:39:53,116.36595,39.94216
6304,2008-02-04 17:42:06,116.36655,39.93615
6304,2008-02-04 17:44:55,116.3669,39.92854
6304,2008-02-04 17:47:08,116.36713,39.92413
6304,2008-02-04 17:49:57,116.36718,39.92214
6304,2008-02-04 17:52:10,116.36716,39.92151
6304,2008-02-04 17:54:58,116.3673,39.91851
6304,2008-02-04 17:57:11,116.3674,39.91675
6304,2008-02-04 18:00:00,116.36752,39.91439
6304,2008-02-04 18:02:13,116.36745,39.91104
6304,2008-02-04 18:02:13,116.36745,39.91104
6304,2008-02-04 18:05:02,116.36754,39.90954
6304,2008-02-04 18:07:15,116.36772,39.90663
6304,2008-02-04 18:10:03,116.36785,39.90264
6304,2008-02-04 18:12:16,116.36786,39.90098
6304,2008-02-04 18:15:05,116.36791,39.89973
6304,2008-02-04 18:17:18,116.36793,39.89952
6304,2008-02-04 18:22:23,116.36801,39.89844
6304,2008-02-04 18:23:08,116.36812,39.89409
6304,2008-02-04 18:27:09,116.36811,39.88841
6304,2008-02-04 18:32:10,116.36465,39.87952
6304,2008-02-04 18:32:29,116.36447,39.8779
6304,2008-02-04 18:37:13,116.3669,39.88185
6304,2008-02-04 18:45:20,116.35738,39.88763
6304,2008-02-04 18:46:29,116.35738,39.88763
6304,2008-02-04 18:50:21,116.35721,39.89298
6304,2008-02-04 18:51:31,116.3572,39.89519
6304,2008-02-04 18:55:23,116.35719,39.89685
6304,2008-02-04 18:55:23,116.35719,39.89685
6304,2008-02-04 18:56:32,116.35769,39.89787
6304,2008-02-04 19:01:25,116.36807,39.8902
6304,2008-02-04 19:01:34,116.36807,39.8902
6304,2008-02-04 19:06:27,116.36115,39.88799
6304,2008-02-04 19:06:36,116.36032,39.88809
6304,2008-02-04 19:16:30,116.31723,39.89202
6304,2008-02-04 19:20:32,116.31523,39.89207
6304,2008-02-04 19:25:33,116.31237,39.88688
6304,2008-02-04 19:26:46,116.30469,39.88358
6304,2008-02-04 19:30:35,116.28873,39.87414
6304,2008-02-04 19:31:48,116.28669,39.87676
6304,2008-02-04 19:36:37,116.28712,39.87684
6304,2008-02-04 19:36:49,116.28856,39.87723
6304,2008-02-04 19:41:39,116.28903,39.88952
6304,2008-02-04 19:41:51,116.28907,39.89002
6304,2008-02-04 19:46:39,116.30478,39.89723
6304,2008-02-04 19:46:52,116.30456,39.89626
6304,2008-02-04 19:51:41,116.30417,39.91736
6304,2008-02-04 19:51:53,116.30416,39.91918
6304,2008-02-04 19:56:43,116.30272,39.95749
6304,2008-02-04 19:56:55,116.30226,39.95948
6304,2008-02-04 20:06:58,116.32452,39.97232
6304,2008-02-04 20:10:47,116.32759,39.97048
6304,2008-02-04 20:14:49,116.32278,39.96631
6304,2008-02-04 20:17:05,116.3157,39.96601
6304,2008-02-04 20:19:51,116.30453,39.96204
6304,2008-02-04 20:22:07,116.30366,39.94542
6304,2008-02-04 20:24:53,116.28711,39.94655
6304,2008-02-04 20:27:09,116.27254,39.94545
6304,2008-02-04 20:27:09,116.27254,39.94545
6304,2008-02-04 20:29:54,116.26986,39.94554
6304,2008-02-04 20:32:10,116.26803,39.93473
6304,2008-02-04 20:39:58,116.27881,39.92345
6304,2008-02-04 20:42:14,116.28974,39.91737
6304,2008-02-04 20:44:59,116.28906,39.91179
6304,2008-02-04 20:47:15,116.29606,39.9089
6304,2008-02-04 20:50:01,116.29018,39.91725
6304,2008-02-04 20:52:17,116.29779,39.92264
6304,2008-02-04 20:55:02,116.30448,39.92362
6304,2008-02-04 20:57:19,116.30476,39.93977
6304,2008-02-04 21:00:04,116.3191,39.93742
6304,2008-02-04 21:02:20,116.31851,39.94662
6304,2008-02-04 21:05:06,116.32445,39.95065
6304,2008-02-04 21:07:22,116.3293,39.95545
6304,2008-02-04 21:10:07,116.32853,39.96266
6304,2008-02-04 21:12:23,116.3282,39.9659
6304,2008-02-04 21:15:09,116.3276,39.97491
6304,2008-02-04 21:22:27,116.30343,39.97459
6304,2008-02-04 21:25:12,116.30067,39.97015
6304,2008-02-04 21:25:12,116.30067,39.97015
6304,2008-02-04 21:27:28,116.30181,39.96136
6304,2008-02-04 21:30:14,116.30216,39.95823
6304,2008-02-04 21:35:16,116.29775,39.95224
6304,2008-02-04 21:37:32,116.30397,39.94023
6304,2008-02-04 21:40:17,116.30409,39.91537
6304,2008-02-04 21:45:18,116.2983,39.8808
6304,2008-02-04 21:47:34,116.27077,39.87351
6304,2008-02-04 21:50:20,116.24033,39.8601
6304,2008-02-04 21:56:23,116.20494,39.84062
6304,2008-02-04 22:01:30,116.20494,39.8406
6304,2008-02-04 22:10:32,116.1952,39.79941
6304,2008-02-04 22:15:43,116.1483,39.76375
6304,2008-02-04 22:20:35,116.13239,39.74635
6304,2008-02-04 22:20:45,116.13239,39.74635
6304,2008-02-04 22:36:44,116.11638,39.72976
6304,2008-02-04 22:41:46,116.116,39.72966
6304,2008-02-04 22:56:00,116.03382,39.72053
6304,2008-02-04 22:59:55,115.99226,39.72417
6304,2008-02-04 23:01:02,115.98182,39.72422
6304,2008-02-04 23:04:57,115.95513,39.72965
6304,2008-02-04 23:06:03,115.94963,39.72859
6304,2008-02-04 23:10:00,115.93963,39.72585
6304,2008-02-04 23:21:08,115.95492,39.73354
6304,2008-02-04 23:21:08,115.95492,39.73354
6304,2008-02-04 23:24:08,115.95657,39.73341
6304,2008-02-04 23:29:16,115.95646,39.73337
6304,2008-02-04 23:29:16,115.95646,39.73337
6304,2008-02-04 23:29:16,115.95646,39.73337
6304,2008-02-04 23:29:16,115.95646,39.73337
6304,2008-02-04 23:29:16,115.95646,39.73337
6304,2008-02-04 23:29:16,115.95646,39.73337
6304,2008-02-04 23:29:16,115.95646,39.73337
6304,2008-02-04 23:29:16,115.95646,39.73337
6304,2008-02-04 23:29:16,115.95646,39.73337
6304,2008-02-04 23:29:16,115.95646,39.73337
6304,2008-02-04 23:29:16,115.95646,39.73337
6304,2008-02-04 23:29:16,115.95646,39.73337
6304,2008-02-04 23:29:16,115.95646,39.73337
6304,2008-02-04 23:29:16,115.95646,39.73337
6304,2008-02-05 10:00:53,115.95336,39.73355
6304,2008-02-05 10:02:03,115.95187,39.73102
6304,2008-02-05 10:05:55,115.97325,39.72412
6304,2008-02-05 10:07:05,115.9795,39.72414
6304,2008-02-05 10:10:56,116.02409,39.72028
6304,2008-02-05 10:12:06,116.03945,39.7207
6304,2008-02-05 10:15:58,116.07676,39.72531
6304,2008-02-05 10:17:08,116.09342,39.72639
6304,2008-02-05 10:21:00,116.11063,39.72553
6304,2008-02-05 10:22:09,116.11628,39.72964
6304,2008-02-05 10:26:01,116.13424,39.74071
6304,2008-02-05 10:27:11,116.13585,39.7422
6304,2008-02-05 10:31:03,116.15023,39.76541
6304,2008-02-05 10:32:13,116.16053,39.77626
6304,2008-02-05 10:32:13,116.16053,39.77626
6304,2008-02-05 10:36:05,116.1986,39.80989
6304,2008-02-05 10:37:14,116.20753,39.82192
6304,2008-02-05 10:41:06,116.22415,39.84706
6304,2008-02-05 10:42:16,116.23416,39.85713
6304,2008-02-05 10:47:18,116.26446,39.87984
6304,2008-02-05 10:51:10,116.26941,39.88219
6304,2008-02-05 10:52:19,116.26913,39.88822
6304,2008-02-05 10:52:19,116.26913,39.88822
6304,2008-02-05 10:57:12,116.28026,39.88816
6304,2008-02-05 10:57:12,116.28026,39.88816
6304,2008-02-05 11:06:27,116.28905,39.88856
6304,2008-02-05 11:07:19,116.28912,39.89461
6304,2008-02-05 11:11:29,116.31765,39.8956
6304,2008-02-05 11:12:21,116.31597,39.89603
6304,2008-02-05 11:16:30,116.31536,39.90494
6304,2008-02-05 11:16:30,116.31536,39.90494
6304,2008-02-05 11:17:22,116.31531,39.90524
6304,2008-02-05 11:21:32,116.30757,39.90654
6304,2008-02-05 11:22:24,116.30449,39.90878
6304,2008-02-05 11:25:25,116.30449,39.9172
6304,2008-02-05 11:33:32,116.31973,39.92534
6304,2008-02-05 11:35:42,116.31553,39.92691
6304,2008-02-05 11:38:33,116.31373,39.93193
6304,2008-02-05 11:40:43,116.31658,39.93792
6304,2008-02-05 11:40:43,116.31658,39.93792
6304,2008-02-05 11:43:35,116.30393,39.94891
6304,2008-02-05 11:45:45,116.31179,39.95191
6304,2008-02-05 11:48:37,116.3183,39.94585
6304,2008-02-05 11:50:47,116.31937,39.93802
6304,2008-02-05 11:53:38,116.31984,39.93245
6304,2008-02-05 11:55:48,116.31965,39.92532
6304,2008-02-05 11:58:40,116.32843,39.91782
6304,2008-02-05 12:00:50,116.33083,39.90606
6304,2008-02-05 12:05:52,116.34634,39.90578
6304,2008-02-05 12:08:43,116.35076,39.90312
6304,2008-02-05 12:13:45,116.35339,39.89971
6304,2008-02-05 12:15:55,116.35082,39.90761
6304,2008-02-05 12:18:47,116.35082,39.91219
6304,2008-02-05 12:18:47,116.35082,39.91219
6304,2008-02-05 12:18:47,116.35082,39.91219
6304,2008-02-05 12:20:57,116.34163,39.91259
6304,2008-02-05 12:23:48,116.33379,39.91087
6304,2008-02-05 12:25:58,116.33318,39.91339
6304,2008-02-05 12:36:05,116.32856,39.92067
6304,2008-02-05 12:36:57,116.32875,39.92155
6304,2008-02-05 12:41:07,116.3479,39.92217
6304,2008-02-05 12:41:59,116.35344,39.92237
6304,2008-02-05 12:46:08,116.35844,39.91766
6304,2008-02-05 12:48:01,116.3585,39.91264
6304,2008-02-05 13:06:20,116.39631,39.92181
6304,2008-02-05 13:06:26,116.39631,39.92181
6304,2008-02-05 13:11:22,116.38722,39.93214
6304,2008-02-05 13:11:28,116.3871,39.93214
6304,2008-02-05 13:16:23,116.35163,39.93126
6304,2008-02-05 13:16:30,116.35075,39.9313
6304,2008-02-05 13:21:25,116.34646,39.93746
6304,2008-02-05 13:21:31,116.34638,39.93798
6304,2008-02-05 13:26:27,116.34154,39.95193
6304,2008-02-05 13:26:33,116.34147,39.95209
6304,2008-02-05 13:31:28,116.34492,39.94173
6304,2008-02-05 13:31:35,116.34496,39.94111
6304,2008-02-05 13:36:30,116.35226,39.95399
6304,2008-02-05 13:36:36,116.35226,39.95402
6304,2008-02-05 13:36:36,116.35226,39.95402
6304,2008-02-05 13:41:32,116.3483,39.97283
6304,2008-02-05 13:41:32,116.3483,39.97283
6304,2008-02-05 13:41:38,116.3483,39.97324
6304,2008-02-05 13:46:33,116.37239,39.97555
6304,2008-02-05 13:51:35,116.37504,39.97554
6304,2008-02-05 13:51:41,116.37449,39.97553
6304,2008-02-05 13:56:36,116.35507,39.98038
6304,2008-02-05 13:56:43,116.35445,39.98038
6304,2008-02-05 14:01:38,116.34668,39.98002
6304,2008-02-05 14:01:45,116.34612,39.98
6304,2008-02-05 14:06:49,116.34346,39.98001
6304,2008-02-05 14:07:40,116.34746,39.97988
6304,2008-02-05 14:11:50,116.32909,39.97525
6304,2008-02-05 14:12:41,116.32729,39.97867
6304,2008-02-05 14:16:52,116.31531,39.99163
6304,2008-02-05 14:17:43,116.31361,39.99614
6304,2008-02-05 14:21:54,116.32125,39.99063
6304,2008-02-05 14:22:44,116.32104,39.9867
6304,2008-02-05 14:26:55,116.31053,39.98063
6304,2008-02-05 14:31:57,116.30915,39.99704
6304,2008-02-05 14:32:48,116.30905,40.00139
6304,2008-02-05 14:37:49,116.30689,40.02861
6304,2008-02-05 14:42:00,116.30813,40.03265
6304,2008-02-05 14:42:51,116.30713,40.03205
6304,2008-02-05 14:47:02,116.31228,40.01036
6304,2008-02-05 14:47:53,116.31197,40.00503
6304,2008-02-05 14:52:03,116.31086,39.99084
6304,2008-02-05 14:52:54,116.31497,39.99104
6304,2008-02-05 14:57:05,116.32697,39.98515
6304,2008-02-05 14:57:56,116.32722,39.98113
6304,2008-02-05 15:02:07,116.32522,39.96641
6304,2008-02-05 15:02:58,116.32165,39.96628
6304,2008-02-05 15:07:08,116.30244,39.96129
6304,2008-02-05 15:07:59,116.30203,39.95878
6304,2008-02-05 15:12:10,116.30387,39.93832
6304,2008-02-05 15:13:01,116.30395,39.92976
6304,2008-02-05 15:17:12,116.30405,39.89841
6304,2008-02-05 15:18:03,116.30248,39.89514
6304,2008-02-05 15:22:13,116.31472,39.89501
6304,2008-02-05 15:23:04,116.3148,39.89505
6304,2008-02-05 15:27:15,116.30517,39.89647
6304,2008-02-05 15:28:06,116.30391,39.89492
6304,2008-02-05 15:32:17,116.29574,39.88339
6304,2008-02-05 15:39:15,116.29559,39.88308
6304,2008-02-05 15:39:15,116.29559,39.88308
6304,2008-02-05 15:39:15,116.29559,39.88308
6304,2008-02-05 15:39:15,116.29559,39.88308
6304,2008-02-05 16:03:39,116.27887,39.88827
6304,2008-02-05 16:10:29,116.28023,39.88804
6304,2008-02-05 16:24:43,116.28905,39.89466
6304,2008-02-05 16:25:34,116.28917,39.89492
6304,2008-02-05 16:29:43,116.29623,39.90486
6304,2008-02-05 16:30:34,116.2965,39.90589
6304,2008-02-05 16:30:34,116.2965,39.90589
6304,2008-02-05 16:34:45,116.30542,39.90515
6304,2008-02-05 16:35:36,116.30609,39.90569
6304,2008-02-05 16:39:47,116.30495,39.90754
6304,2008-02-05 16:40:37,116.30447,39.90983
6304,2008-02-05 16:44:48,116.308,39.9268
6304,2008-02-05 16:45:39,116.31314,39.92676
6304,2008-02-05 16:49:50,116.31371,39.93735
6304,2008-02-05 16:50:41,116.31819,39.93738
6304,2008-02-05 16:54:52,116.33412,39.93697
6304,2008-02-05 16:54:52,116.33412,39.93697
6304,2008-02-05 16:59:53,116.37325,39.95124
6304,2008-02-05 17:00:44,116.37324,39.95797
6304,2008-02-05 17:04:55,116.39981,39.96724
6304,2008-02-05 17:05:46,116.39986,39.96714
6304,2008-02-05 17:09:56,116.40131,39.97322
6304,2008-02-05 17:10:47,116.40124,39.97464
6304,2008-02-05 17:14:58,116.39128,39.97378
6304,2008-02-05 17:21:57,116.39126,39.9738
6304,2008-02-05 17:31:10,116.39106,39.97306
6304,2008-02-05 17:38:06,116.39123,39.97371
6304,2008-02-05 17:38:06,116.39123,39.97371
6304,2008-02-05 17:38:06,116.39123,39.97371
6304,2008-02-05 17:57:22,116.39374,39.97386
6304,2008-02-05 18:01:12,116.39549,39.97125
6304,2008-02-05 18:02:24,116.39554,39.9703
6304,2008-02-05 18:02:24,116.39554,39.9703
6304,2008-02-05 18:06:14,116.39551,39.96934
6304,2008-02-05 18:07:25,116.3955,39.9693
6304,2008-02-05 18:11:15,116.39567,39.96815
6304,2008-02-05 18:17:29,116.34383,39.96636
6304,2008-02-05 18:21:19,116.32442,39.96617
6304,2008-02-05 18:22:30,116.32172,39.96612
6304,2008-02-05 18:26:20,116.3166,39.96597
6304,2008-02-05 18:27:32,116.317,39.96562
6304,2008-02-05 18:31:22,116.32749,39.96603
6304,2008-02-05 18:36:24,116.34802,39.97432
6304,2008-02-05 18:37:54,116.35292,39.98028
6304,2008-02-05 18:41:25,116.35559,39.98094
6304,2008-02-05 18:42:37,116.35331,39.98025
6304,2008-02-05 18:46:27,116.34747,39.97771
6304,2008-02-05 18:47:39,116.34229,39.97513
6304,2008-02-05 18:51:29,116.32521,39.97514
6304,2008-02-05 18:52:40,116.31952,39.97498
6304,2008-02-05 18:56:30,116.3103,39.97756
6304,2008-02-05 18:57:42,116.31087,39.97616
6304,2008-02-05 19:01:32,116.31902,39.96567
6304,2008-02-05 19:02:44,116.32242,39.96588
6304,2008-02-05 19:06:34,116.32033,39.96615
6304,2008-02-05 19:07:45,116.31939,39.9668
6304,2008-02-05 19:11:35,116.31909,39.9738
6304,2008-02-05 19:12:47,116.31908,39.97455
6304,2008-02-05 19:17:49,116.31172,39.97927
6304,2008-02-05 19:21:39,116.322,39.97956
6304,2008-02-05 19:30:54,116.32735,39.97634
6304,2008-02-05 19:33:46,116.31889,39.97907
6304,2008-02-05 19:35:56,116.31112,39.97953
6304,2008-02-05 19:38:48,116.31354,39.96947
6304,2008-02-05 19:40:58,116.30728,39.96312
6304,2008-02-05 19:43:49,116.29698,39.95999
6304,2008-02-05 19:45:59,116.29195,39.96324
6304,2008-02-05 19:48:51,116.29036,39.97121
6304,2008-02-05 19:48:51,116.29036,39.97121
6304,2008-02-05 19:51:01,116.29504,39.97631
6304,2008-02-05 19:53:53,116.28748,39.99723
6304,2008-02-05 19:56:03,116.2793,40.01691
6304,2008-02-05 19:58:54,116.28687,40.02465
6304,2008-02-05 20:01:04,116.2848,40.02456
6304,2008-02-05 20:04:56,116.29687,40.02399
6304,2008-02-05 20:06:06,116.30716,40.02486
6304,2008-02-05 20:11:08,116.31188,40.02864
6304,2008-02-05 20:15:00,116.31201,40.01177
6304,2008-02-05 20:16:09,116.31242,40.00517
6304,2008-02-05 20:20:01,116.31,39.98552
6304,2008-02-05 20:21:11,116.31006,39.98469
6304,2008-02-05 20:25:03,116.30588,39.98385
6304,2008-02-05 20:26:13,116.31045,39.98071
6304,2008-02-05 20:30:05,116.31903,39.97521
6304,2008-02-05 20:31:14,116.31913,39.9721
6304,2008-02-05 20:35:06,116.31608,39.96595
6304,2008-02-05 20:36:16,116.31557,39.96644
6304,2008-02-05 20:40:08,116.31963,39.95565
6304,2008-02-05 20:45:10,116.31892,39.9504
6304,2008-02-05 20:46:19,116.31834,39.94647
6304,2008-02-05 20:50:11,116.30438,39.94219
6304,2008-02-05 20:51:21,116.30394,39.9487
6304,2008-02-05 20:55:13,116.30377,39.93541
6304,2008-02-05 20:56:23,116.30379,39.93293
6304,2008-02-05 20:56:23,116.30379,39.93293
6304,2008-02-05 21:05:21,116.3039,39.91132
6304,2008-02-05 21:06:27,116.30233,39.90663
6304,2008-02-05 21:10:22,116.30397,39.88907
6304,2008-02-05 21:11:29,116.30397,39.88587
6304,2008-02-05 21:15:24,116.27292,39.8745
6304,2008-02-05 21:16:30,116.25891,39.86766
6304,2008-02-05 21:20:26,116.2147,39.84328
6304,2008-02-05 21:21:32,116.20564,39.84091
6304,2008-02-05 21:25:27,116.19619,39.80357
6304,2008-02-05 21:25:27,116.19619,39.80357
6304,2008-02-05 21:26:34,116.19165,39.7906
6304,2008-02-05 21:30:29,116.14573,39.76127
6304,2008-02-05 21:31:36,116.13912,39.75629
6304,2008-02-05 21:35:31,116.12648,39.74049
6304,2008-02-05 21:36:37,116.12608,39.73595
6304,2008-02-05 21:40:32,116.10351,39.72589
6304,2008-02-05 21:41:39,116.09945,39.72614
6304,2008-02-05 21:45:33,116.05455,39.72163
6304,2008-02-05 21:46:39,116.04466,39.72113
6304,2008-02-05 21:50:34,115.99388,39.72417
6304,2008-02-05 21:51:48,115.97953,39.72425
6304,2008-02-05 21:55:36,115.95757,39.73271
6304,2008-02-05 21:56:43,115.95674,39.73328
6304,2008-02-05 22:02:45,115.9568,39.7333
6304,2008-02-05 22:02:45,115.9568,39.7333
6304,2008-02-05 22:02:45,115.9568,39.7333
6304,2008-02-05 22:02:45,115.9568,39.7333
6304,2008-02-05 22:02:45,115.9568,39.7333
6304,2008-02-05 22:02:45,115.9568,39.7333
6304,2008-02-05 22:02:45,115.9568,39.7333
6304,2008-02-05 22:02:45,115.9568,39.7333
6304,2008-02-05 22:02:45,115.9568,39.7333
6304,2008-02-05 22:02:45,115.9568,39.7333
6304,2008-02-05 22:02:45,115.9568,39.7333
6304,2008-02-06 10:26:11,115.95664,39.73321
6304,2008-02-06 10:30:03,115.95664,39.73321
6304,2008-02-06 10:31:13,115.95664,39.73321
6304,2008-02-06 10:35:05,115.95918,39.73186
6304,2008-02-06 10:36:14,115.96175,39.72704
6304,2008-02-06 10:40:06,115.97805,39.70618
6304,2008-02-06 10:41:16,115.9783,39.70184
6304,2008-02-06 10:44:08,115.97826,39.69813
6304,2008-02-06 10:49:15,115.97842,39.69821
6304,2008-02-06 10:49:15,115.97842,39.69821
6304,2008-02-06 11:08:29,115.9784,39.68993
6304,2008-02-06 11:13:31,115.97621,39.65742
6304,2008-02-06 11:18:23,115.98153,39.61319
6304,2008-02-06 11:18:33,115.98251,39.6114
6304,2008-02-06 11:23:25,116.02195,39.60025
6304,2008-02-06 11:23:34,116.02195,39.60025
6304,2008-02-06 11:28:27,116.06762,39.59544
6304,2008-02-06 11:28:36,116.06983,39.59532
6304,2008-02-06 11:33:38,116.07455,39.58096
6304,2008-02-06 11:39:36,116.07449,39.58086
6304,2008-02-06 11:39:36,116.07449,39.58086
6304,2008-02-06 11:39:36,116.07449,39.58086
6304,2008-02-06 11:58:50,116.07459,39.58212
6304,2008-02-06 12:01:42,116.07582,39.57988
6304,2008-02-06 12:13:56,116.07653,39.57976
6304,2008-02-06 12:38:03,116.07456,39.58095
6304,2008-02-06 13:03:54,116.07661,39.58499
6304,2008-02-06 13:04:15,116.07656,39.58772
6304,2008-02-06 13:08:56,116.04687,39.60012
6304,2008-02-06 13:09:17,116.04312,39.60009
6304,2008-02-06 13:13:57,116.00001,39.60115
6304,2008-02-06 13:14:18,115.99933,39.60051
6304,2008-02-06 13:16:19,115.99875,39.60026
6304,2008-02-06 15:43:14,115.99807,39.59823
6304,2008-02-06 15:43:59,115.99797,39.59601
6304,2008-02-06 15:49:04,116.01448,39.5955
6304,2008-02-06 15:54:08,116.02208,39.59959
6304,2008-02-06 15:54:18,116.02227,39.60002
6304,2008-02-06 15:59:09,116.05959,39.62294
6304,2008-02-06 15:59:19,116.06161,39.62277
6304,2008-02-06 16:02:20,116.06193,39.62003
6304,2008-02-06 16:07:27,116.06196,39.61997
6304,2008-02-06 16:16:43,116.06313,39.62252
6304,2008-02-06 16:19:30,116.03573,39.61893
6304,2008-02-06 16:21:45,116.02929,39.62587
6304,2008-02-06 16:26:47,116.02625,39.66519
6304,2008-02-06 16:29:33,116.01578,39.67854
6304,2008-02-06 16:31:48,116.01564,39.68091
6304,2008-02-06 16:34:35,116.01494,39.68188
6304,2008-02-06 16:44:42,116.01004,39.69516
6304,2008-02-06 16:49:44,116.04198,39.71166
6304,2008-02-06 16:51:27,116.0658,39.7144
6304,2008-02-06 16:56:28,116.11372,39.72768
6304,2008-02-06 16:58:47,116.11385,39.72625
6304,2008-02-06 19:08:45,116.12022,39.72184
6304,2008-02-06 19:09:36,116.12533,39.72187
6304,2008-02-06 19:13:47,116.11017,39.69718
6304,2008-02-06 19:14:38,116.10306,39.68996
6304,2008-02-06 19:18:49,116.07402,39.65835
6304,2008-02-06 19:19:40,116.07104,39.65431
6304,2008-02-06 19:23:50,116.05153,39.62741
6304,2008-02-06 19:24:41,116.04151,39.6214
6304,2008-02-06 19:28:52,116.02182,39.59961
6304,2008-02-06 19:34:49,116.02189,39.59956
6304,2008-02-06 19:44:01,116.0024,39.59495
6304,2008-02-06 19:44:01,116.0024,39.59495
6304,2008-02-06 19:45:52,115.999,39.59901
6304,2008-02-06 19:48:53,115.99877,39.60027
6304,2008-02-06 19:58:09,115.99147,39.60093
6304,2008-02-06 20:01:00,115.97866,39.62667
6304,2008-02-06 20:03:10,115.97473,39.65317
6304,2008-02-06 20:06:02,115.97836,39.68654
6304,2008-02-06 20:08:12,115.9783,39.69877
6304,2008-02-06 20:12:04,115.97714,39.71225
6304,2008-02-06 20:18:18,115.95788,39.73237
6304,2008-02-06 20:29:24,115.94086,39.72691
6304,2008-02-06 20:30:15,115.93969,39.72572
6304,2008-02-06 20:32:16,115.93967,39.72572
6304,2008-02-06 20:41:33,115.94425,39.72756
6304,2008-02-06 20:44:23,115.96173,39.72453
6304,2008-02-06 20:46:33,115.97779,39.71046
6304,2008-02-06 20:49:25,115.97831,39.6974
6304,2008-02-06 20:51:35,115.97815,39.68553
6304,2008-02-06 20:54:26,115.97749,39.65921
6304,2008-02-06 20:56:36,115.97411,39.6404
6304,2008-02-06 20:59:28,115.98039,39.61934
6304,2008-02-06 21:01:38,115.98893,39.60413
6304,2008-02-06 21:01:38,115.98893,39.60413
6304,2008-02-06 21:04:30,115.99867,39.60043
6304,2008-02-06 21:06:40,115.99185,39.6009
6304,2008-02-06 21:09:31,115.9791,39.62499
6304,2008-02-06 21:11:41,115.97385,39.64193
6304,2008-02-06 21:14:33,115.97755,39.6712
6304,2008-02-06 21:15:28,116.32667,39.71934
6304,2008-02-06 21:16:43,115.97841,39.68977
6304,2008-02-06 21:19:35,115.97833,39.69679
6304,2008-02-06 21:21:45,115.97118,39.68195
6304,2008-02-06 21:24:36,115.97433,39.68406
6304,2008-02-06 21:26:46,115.97838,39.69914
6304,2008-02-06 21:29:38,115.97106,39.71587
6304,2008-02-06 21:31:48,115.95769,39.72122
6304,2008-02-06 21:34:40,115.94515,39.72751
6304,2008-02-06 21:36:50,115.93963,39.72574
6304,2008-02-06 21:43:48,115.93958,39.72573
6304,2008-02-06 21:43:48,115.93958,39.72573
6304,2008-02-06 21:43:48,115.93958,39.72573
6304,2008-02-06 21:43:48,115.93958,39.72573
6304,2008-02-06 21:43:48,115.93958,39.72573
6304,2008-02-06 21:43:48,115.93958,39.72573
6304,2008-02-06 21:43:48,115.93958,39.72573
6304,2008-02-06 21:43:48,115.93958,39.72573
6304,2008-02-06 21:43:48,115.93958,39.72573
6304,2008-02-06 21:43:48,115.93958,39.72573
6304,2008-02-06 21:43:48,115.93958,39.72573
6304,2008-02-06 21:43:48,115.93958,39.72573
6304,2008-02-06 21:43:48,115.93958,39.72573
6304,2008-02-06 21:43:48,115.93958,39.72573
6304,2008-02-06 21:43:48,115.93958,39.72573
6304,2008-02-06 21:43:48,115.93958,39.72573
6304,2008-02-06 21:43:48,115.93958,39.72573
6304,2008-02-06 21:43:48,115.93958,39.72573
6304,2008-02-06 21:43:48,115.93958,39.72573
6304,2008-02-06 21:43:48,115.93958,39.72573
6304,2008-02-06 21:43:48,115.93958,39.72573
6304,2008-02-06 21:43:48,115.93958,39.72573
6304,2008-02-06 21:43:48,115.93958,39.72573
6304,2008-02-07 09:01:52,115.93961,39.72581
6304,2008-02-07 09:01:52,115.93961,39.72581
6304,2008-02-07 09:02:43,115.93961,39.72581
6304,2008-02-07 09:06:54,115.95603,39.72834
6304,2008-02-07 09:07:45,115.96183,39.72449
6304,2008-02-07 09:11:55,116.00751,39.72231
6304,2008-02-07 09:12:46,116.01927,39.72173
6304,2008-02-07 09:16:57,116.07447,39.72476
6304,2008-02-07 09:17:48,116.08699,39.72606
6304,2008-02-07 09:21:59,116.11381,39.72788
6304,2008-02-07 09:22:50,116.11626,39.72965
6304,2008-02-07 09:27:00,116.13585,39.74532
6304,2008-02-07 09:27:50,116.13585,39.74612
6304,2008-02-07 09:32:01,116.16717,39.78002
6304,2008-02-07 09:32:52,116.18335,39.78383
6304,2008-02-07 09:37:03,116.2048,39.83818
6304,2008-02-07 09:37:54,116.20704,39.84166
6304,2008-02-07 09:42:04,116.25758,39.8669
6304,2008-02-07 09:42:55,116.26836,39.87218
6304,2008-02-07 10:05:47,116.32293,39.89851
6304,2008-02-07 10:06:59,116.32282,39.90456
6304,2008-02-07 10:10:48,116.3388,39.91492
6304,2008-02-07 10:12:01,116.33842,39.9213
6304,2008-02-07 10:15:50,116.33814,39.93202
6304,2008-02-07 10:17:02,116.34008,39.9373
6304,2008-02-07 10:20:51,116.35334,39.93515
6304,2008-02-07 10:22:07,116.35855,39.93155
6304,2008-02-07 10:25:53,116.37085,39.9313
6304,2008-02-07 10:27:06,116.3738,39.93163
6304,2008-02-07 10:30:55,116.37444,39.94997
6304,2008-02-07 10:32:07,116.38369,39.95014
6304,2008-02-07 10:35:56,116.38867,39.95561
6304,2008-02-07 10:37:09,116.38909,39.94858
6304,2008-02-07 10:40:58,116.3601,39.94547
6304,2008-02-07 10:42:11,116.34928,39.93752
6304,2008-02-07 10:47:12,116.34156,39.91033
6304,2008-02-07 10:50:02,116.3431,39.91162
6304,2008-02-07 10:55:02,116.34625,39.90593
6304,2008-02-07 10:57:18,116.33097,39.90638
6304,2008-02-07 11:00:04,116.33603,39.89655
6304,2008-02-07 11:02:20,116.31525,39.89621
6304,2008-02-07 11:07:22,116.29606,39.89976
6304,2008-02-07 11:10:07,116.31294,39.9062
6304,2008-02-07 11:12:23,116.33777,39.90594
6304,2008-02-07 11:12:23,116.33777,39.90594
6304,2008-02-07 11:15:09,116.35099,39.90142
6304,2008-02-07 11:17:25,116.3501,39.92192
6304,2008-02-07 11:22:27,116.3741,39.94855
6304,2008-02-07 11:26:13,116.38743,39.94992
6304,2008-02-07 11:27:28,116.38408,39.94772
6304,2008-02-07 11:31:14,116.36615,39.94314
6304,2008-02-07 11:32:30,116.36908,39.94721
6304,2008-02-07 11:36:16,116.40207,39.9487
6304,2008-02-07 11:37:32,116.40207,39.95205
6304,2008-02-07 11:41:18,116.40775,39.95775
6304,2008-02-07 11:41:18,116.40775,39.95775
6304,2008-02-07 11:42:33,116.41219,39.95639
6304,2008-02-07 11:46:19,116.40238,39.948
6304,2008-02-07 11:47:35,116.40194,39.95616
6304,2008-02-07 11:51:21,116.41044,39.94974
6304,2008-02-07 11:52:37,116.40524,39.94791
6304,2008-02-07 11:56:22,116.40685,39.94759
6304,2008-02-07 11:57:38,116.40825,39.94769
6304,2008-02-07 12:01:24,116.40999,39.94752
6304,2008-02-07 12:02:40,116.41016,39.94918
6304,2008-02-07 12:06:26,116.41211,39.95782
6304,2008-02-07 12:07:41,116.40492,39.95771
6304,2008-02-07 12:11:27,116.38372,39.94761
6304,2008-02-07 12:12:43,116.37059,39.94765
6304,2008-02-07 12:16:29,116.35227,39.95033
6304,2008-02-07 12:17:45,116.35295,39.95089
6304,2008-02-07 12:21:31,116.36461,39.95965
6304,2008-02-07 12:22:46,116.36414,39.96617
6304,2008-02-07 12:26:32,116.35293,39.96642
6304,2008-02-07 12:27:48,116.33593,39.96644
6304,2008-02-07 12:31:34,116.34903,39.95721
6304,2008-02-07 12:36:36,116.33519,39.96637
6304,2008-02-07 12:37:51,116.31951,39.96598
6304,2008-02-07 12:42:53,116.30411,39.93001
6304,2008-02-07 12:46:39,116.29059,39.90628
6304,2008-02-07 12:47:55,116.27835,39.90632
6304,2008-02-07 12:51:41,116.26001,39.90633
6304,2008-02-07 12:52:56,116.25353,39.90627
6304,2008-02-07 12:56:42,116.24774,39.90623
6304,2008-02-07 12:57:58,116.24681,39.90252
6304,2008-02-07 13:01:44,116.23062,39.88835
6304,2008-02-07 13:03:00,116.23445,39.88807
6304,2008-02-07 13:06:46,116.23505,39.8883
6304,2008-02-07 13:08:01,116.24622,39.88834
6304,2008-02-07 13:11:47,116.24705,39.90447
6304,2008-02-07 13:13:03,116.24884,39.90605
6304,2008-02-07 13:18:08,116.26256,39.9062
6304,2008-02-07 13:19:50,116.27393,39.90592
6304,2008-02-07 13:23:31,116.29518,39.90623
6304,2008-02-07 13:25:53,116.29993,39.90598
6304,2008-02-07 13:28:53,116.30069,39.90598
6304,2008-02-07 13:33:19,116.31063,39.89883
6304,2008-02-07 13:38:20,116.28995,39.88929
6304,2008-02-07 13:41:57,116.29342,39.89553
6304,2008-02-07 13:53:06,116.32043,39.89589
6304,2008-02-07 13:56:16,116.3187,39.90589
6304,2008-02-07 13:59:08,116.31826,39.90364
6304,2008-02-07 14:08:24,116.31861,39.90367
6304,2008-02-07 14:13:28,116.3228,39.90137
6304,2008-02-07 14:15:17,116.32292,39.8976
6304,2008-02-07 14:18:30,116.31537,39.89689
6304,2008-02-07 14:21:19,116.31264,39.90623
6304,2008-02-07 14:23:32,116.29345,39.90629
6304,2008-02-07 14:26:20,116.28905,39.9045
6304,2008-02-07 14:28:33,116.28895,39.8953
6304,2008-02-07 14:31:22,116.28895,39.88227
6304,2008-02-07 14:33:35,116.28824,39.86765
6304,2008-02-07 14:36:24,116.2879,39.86081
6304,2008-02-07 14:38:37,116.29136,39.85641
6304,2008-02-07 14:41:25,116.30398,39.85667
6304,2008-02-07 14:43:38,116.31085,39.85704
6304,2008-02-07 14:46:27,116.30848,39.8672
6304,2008-02-07 14:48:40,116.30554,39.87654
6304,2008-02-07 14:53:29,116.30491,39.88381
6304,2008-02-07 14:53:45,116.30348,39.88356
6304,2008-02-07 14:58:31,116.31348,39.85686
6304,2008-02-07 14:58:46,116.31348,39.85686
6304,2008-02-07 15:03:33,116.30582,39.87399
6304,2008-02-07 15:03:48,116.30561,39.87572
6304,2008-02-07 15:16:47,116.30584,39.88379
6304,2008-02-07 15:16:47,116.30584,39.88379
6304,2008-02-07 15:30:59,116.30437,39.88999
6304,2008-02-07 15:33:51,116.31388,39.90614
6304,2008-02-07 15:36:01,116.33257,39.90598
6304,2008-02-07 15:38:53,116.35652,39.9059
6304,2008-02-07 15:41:03,116.37266,39.9058
6304,2008-02-07 15:43:54,116.39578,39.90635
6304,2008-02-07 15:46:04,116.40379,39.90667
6304,2008-02-07 15:48:56,116.42456,39.9071
6304,2008-02-07 15:51:06,116.42893,39.91262
6304,2008-02-07 15:56:08,116.44052,39.94929
6304,2008-02-07 15:58:59,116.46794,39.97399
6304,2008-02-07 16:01:09,116.48348,39.98371
6304,2008-02-07 16:05:01,116.49332,39.9763
6304,2008-02-07 16:08:03,116.49337,39.97548
6304,2008-02-07 16:11:16,116.48405,39.97096
6304,2008-02-07 16:13:04,116.48548,39.96408
6304,2008-02-07 16:16:18,116.49356,39.95486
6304,2008-02-07 16:20:06,116.50255,39.95429
6304,2008-02-07 16:21:22,116.49444,39.95235
6304,2008-02-07 16:25:08,116.4798,39.95612
6304,2008-02-07 16:26:24,116.46878,39.95229
6304,2008-02-07 16:26:24,116.46878,39.95229
6304,2008-02-07 16:30:09,116.45543,39.9478
6304,2008-02-07 16:31:25,116.45525,39.94052
6304,2008-02-07 16:35:11,116.45532,39.93271
6304,2008-02-07 16:36:27,116.4552,39.92696
6304,2008-02-07 16:40:13,116.44455,39.92154
6304,2008-02-07 16:41:29,116.44415,39.91616
6304,2008-02-07 16:45:14,116.42901,39.90718
6304,2008-02-07 16:46:30,116.41953,39.90703
6304,2008-02-07 16:50:16,116.39709,39.90726
6304,2008-02-07 16:51:32,116.39674,39.9128
6304,2008-02-07 16:55:18,116.39373,39.90637
6304,2008-02-07 16:56:33,116.38526,39.90621
6304,2008-02-07 17:00:19,116.37005,39.90806
6304,2008-02-07 17:00:19,116.37005,39.90806
6304,2008-02-07 17:01:35,116.37016,39.90859
6304,2008-02-07 17:05:21,116.36811,39.90591
6304,2008-02-07 17:06:37,116.36332,39.90599
6304,2008-02-07 17:10:23,116.31954,39.9062
6304,2008-02-07 17:11:38,116.31575,39.90627
6304,2008-02-07 17:15:24,116.30601,39.90487
6304,2008-02-07 17:16:40,116.31027,39.90611
6304,2008-02-07 17:20:26,116.31856,39.90198
6304,2008-02-07 17:21:42,116.31868,39.90127
6304,2008-02-07 17:26:28,116.31521,39.90507
6304,2008-02-07 17:26:43,116.31536,39.90599
6304,2008-02-07 17:31:48,116.33476,39.90576
6304,2008-02-07 17:33:30,116.33642,39.90198
6304,2008-02-07 17:36:49,116.33114,39.89629
6304,2008-02-07 17:45:40,116.32965,39.89627
6304,2008-02-07 17:50:47,116.32961,39.89641
6304,2008-02-07 18:00:57,116.31061,39.89679
6304,2008-02-07 18:01:49,116.31016,39.89593
6304,2008-02-07 18:06:51,116.3032,39.905
6304,2008-02-07 18:10:12,116.32573,39.90597
6304,2008-02-07 18:11:52,116.32931,39.90612
6304,2008-02-07 18:15:13,116.34189,39.9126
6304,2008-02-07 18:16:54,116.34936,39.91254
6304,2008-02-07 18:20:15,116.35007,39.91253
6304,2008-02-07 18:21:56,116.3503,39.92174
6304,2008-02-07 18:25:17,116.36201,39.93094
6304,2008-02-07 18:26:57,116.36683,39.92927
6304,2008-02-07 18:26:57,116.36683,39.92927
6304,2008-02-07 18:30:18,116.36728,39.92017
6304,2008-02-07 18:31:59,116.3675,39.9148
6304,2008-02-07 18:35:20,116.35813,39.91277
6304,2008-02-07 18:37:01,116.35421,39.91259
6304,2008-02-07 18:37:01,116.35421,39.91259
6304,2008-02-07 18:40:22,116.34581,39.91259
6304,2008-02-07 18:42:02,116.34293,39.9093
6304,2008-02-07 19:03:43,116.34321,39.91678
6304,2008-02-07 19:04:51,116.34559,39.91708
6304,2008-02-07 19:08:44,116.3474,39.91641
6304,2008-02-07 19:09:53,116.34694,39.92094
6304,2008-02-07 19:13:46,116.36721,39.92228
6304,2008-02-07 19:14:54,116.36728,39.92084
6304,2008-02-07 19:18:48,116.36768,39.90879
6304,2008-02-07 19:20:00,116.36774,39.9059
6304,2008-02-07 19:23:49,116.3682,39.89478
6304,2008-02-07 19:24:58,116.3682,39.89176
6304,2008-02-07 19:28:51,116.36805,39.87774
6304,2008-02-07 19:29:59,116.36801,39.87043
6304,2008-02-07 19:33:53,116.40153,39.87048
6304,2008-02-07 19:35:01,116.40741,39.8664
6304,2008-02-07 19:35:01,116.40741,39.8664
6304,2008-02-07 19:38:54,116.40916,39.8555
6304,2008-02-07 19:40:03,116.41407,39.85332
6304,2008-02-07 19:43:56,116.4142,39.84812
6304,2008-02-07 19:45:04,116.41375,39.84983
6304,2008-02-07 19:48:57,116.41292,39.8629
6304,2008-02-07 19:50:07,116.41278,39.86392
6304,2008-02-07 19:50:07,116.41278,39.86392
6304,2008-02-07 19:53:00,116.41041,39.86076
6304,2008-02-07 20:01:07,116.42301,39.86444
6304,2008-02-07 20:02:13,116.42735,39.86458
6304,2008-02-07 20:07:18,116.4326,39.8637
6304,2008-02-07 20:08:09,116.43268,39.86419
6304,2008-02-07 20:12:19,116.43257,39.86517
6304,2008-02-07 20:13:10,116.4301,39.86465
6304,2008-02-07 20:17:21,116.41638,39.86425
6304,2008-02-07 20:18:12,116.42012,39.86439
6304,2008-02-07 20:22:26,116.41716,39.86436
6304,2008-02-07 20:26:15,116.42312,39.86446
6304,2008-02-07 20:27:28,116.41934,39.86441
6304,2008-02-07 20:37:23,116.41619,39.86429
6304,2008-02-07 20:42:25,116.40696,39.85597
6304,2008-02-07 20:42:43,116.405,39.85592
6304,2008-02-07 20:47:27,116.39812,39.86391
6304,2008-02-07 20:47:27,116.39812,39.86391
6304,2008-02-07 20:47:45,116.39639,39.86408
6304,2008-02-07 20:52:28,116.39443,39.84052
6304,2008-02-07 20:52:47,116.39455,39.83753
6304,2008-02-07 20:57:30,116.39574,39.81232
6304,2008-02-07 20:57:48,116.39577,39.81213
6304,2008-02-07 21:08:56,116.39559,39.82591
6304,2008-02-07 21:14:35,116.39418,39.86323
6304,2008-02-07 21:24:00,116.4368,39.90081
6304,2008-02-07 21:29:02,116.48404,39.91964
6304,2008-02-07 21:29:40,116.48404,39.92464
6304,2008-02-07 21:34:04,116.47861,39.92259
6304,2008-02-07 21:39:43,116.45603,39.91791
6304,2008-02-07 21:47:46,116.446,39.92194
6304,2008-02-07 21:49:12,116.43988,39.92402
6304,2008-02-07 21:52:48,116.42942,39.92323
6304,2008-02-07 21:57:50,116.41825,39.9324
6304,2008-02-07 21:59:16,116.40808,39.93216
6304,2008-02-07 22:02:51,116.39737,39.93214
6304,2008-02-07 22:09:19,116.37098,39.92145
6304,2008-02-07 22:12:55,116.3754,39.9127
6304,2008-02-07 22:14:21,116.37659,39.90623
6304,2008-02-07 22:14:21,116.37659,39.90623
6304,2008-02-07 22:17:56,116.38478,39.90599
6304,2008-02-07 22:19:22,116.38866,39.90151
6304,2008-02-07 22:22:58,116.38144,39.89899
6304,2008-02-07 22:28:00,116.37835,39.88861
6304,2008-02-07 22:33:01,116.38023,39.86932
6304,2008-02-07 22:39:29,116.41196,39.86843
6304,2008-02-07 22:43:05,116.40767,39.85876
6304,2008-02-07 22:53:08,116.40853,39.8441
6304,2008-02-07 22:53:08,116.40853,39.8441
6304,2008-02-07 22:54:34,116.40979,39.84449
6304,2008-02-07 22:58:10,116.40804,39.85514
6304,2008-02-07 23:03:11,116.4155,39.86546
6304,2008-02-07 23:08:13,116.41274,39.89224
6304,2008-02-07 23:13:15,116.41173,39.91065
6304,2008-02-07 23:18:15,116.42412,39.92066
6304,2008-02-07 23:19:41,116.42006,39.92258
6304,2008-02-07 23:23:17,116.41967,39.93553
6304,2008-02-07 23:28:19,116.4022,39.93948
6304,2008-02-07 23:29:44,116.39374,39.93941
6304,2008-02-07 23:33:20,116.3903,39.92743
6304,2008-02-07 23:34:46,116.39333,39.92344
6304,2008-02-07 23:43:23,116.40205,39.89937
6304,2008-02-07 23:48:25,116.4144,39.88281
6304,2008-02-07 23:49:51,116.41467,39.87835
6304,2008-02-07 23:53:27,116.42831,39.86453
6304,2008-02-08 00:03:30,116.44093,39.83163
6304,2008-02-08 00:04:56,116.44228,39.82771
6304,2008-02-08 00:08:32,116.43828,39.81436
6304,2008-02-08 00:09:58,116.44357,39.81583
6304,2008-02-08 00:13:33,116.44799,39.82216
6304,2008-02-08 00:14:59,116.44542,39.82485
6304,2008-02-08 00:23:37,116.39544,39.81947
6304,2008-02-08 00:28:38,116.4095,39.8112
6304,2008-02-08 00:35:06,116.39567,39.81601
6304,2008-02-08 00:40:08,116.37256,39.81537
6304,2008-02-08 00:43:43,116.37235,39.82172
6304,2008-02-08 00:45:09,116.38274,39.82195
6304,2008-02-08 00:50:11,116.39511,39.83525
6304,2008-02-08 00:55:13,116.41009,39.84154
6304,2008-02-08 01:05:56,116.41569,39.85981
6304,2008-02-08 01:07:02,116.41811,39.86427
6304,2008-02-08 01:10:57,116.42243,39.86445
6304,2008-02-08 01:12:04,116.41734,39.86431
6304,2008-02-08 01:15:59,116.41274,39.88996
6304,2008-02-08 01:17:05,116.40638,39.8916
6304,2008-02-08 01:21:01,116.38248,39.88828
6304,2008-02-08 01:22:07,116.37347,39.88798
6304,2008-02-08 01:26:02,116.34687,39.88821
6304,2008-02-08 01:27:09,116.34725,39.88415
6304,2008-02-08 01:32:04,116.34752,39.87586
6304,2008-02-08 01:33:05,116.34761,39.87663
6304,2008-02-08 01:36:07,116.34723,39.88339
6304,2008-02-08 01:45:23,116.3438,39.88448
6304,2008-02-08 01:47:14,116.34432,39.8742
6304,2008-02-08 01:50:24,116.35778,39.86747
6304,2008-02-08 01:52:16,116.36801,39.86626
6304,2008-02-08 01:55:26,116.36516,39.85361
6304,2008-02-08 01:57:17,116.36616,39.84926
6304,2008-02-08 02:00:28,116.37246,39.83905
6304,2008-02-08 02:22:26,116.29441,39.82966
6304,2008-02-08 02:25:36,116.27762,39.84968
6304,2008-02-08 02:45:43,116.16289,39.76863
6304,2008-02-08 02:47:34,116.15356,39.75658
6304,2008-02-08 02:50:44,116.13944,39.74638
6304,2008-02-08 02:52:36,116.13238,39.74632
6304,2008-02-08 02:55:46,116.12252,39.73385
6304,2008-02-08 02:57:37,116.11027,39.72555
6304,2008-02-08 03:00:38,116.09459,39.72016
6304,2008-02-08 03:09:54,116.09045,39.71903
6304,2008-02-08 03:13:46,116.05203,39.71208
6304,2008-02-08 03:14:56,116.03644,39.71021
6304,2008-02-08 03:18:48,115.99691,39.69979
6304,2008-02-08 03:19:58,115.98605,39.70092
6304,2008-02-08 03:23:49,115.97856,39.70399
6304,2008-02-08 03:23:49,115.97856,39.70399
6304,2008-02-08 03:24:59,115.97804,39.7064
6304,2008-02-08 03:28:51,115.95458,39.7212
6304,2008-02-08 03:30:01,115.9475,39.72416
6304,2008-02-08 03:34:53,115.93965,39.72578
6304,2008-02-08 03:40:00,115.93954,39.7259
6304,2008-02-08 03:40:00,115.93954,39.7259
6304,2008-02-08 03:40:00,115.93954,39.7259
6304,2008-02-08 03:40:00,115.93954,39.7259
6304,2008-02-08 03:40:00,115.93954,39.7259
6304,2008-02-08 03:40:00,115.93954,39.7259
6304,2008-02-08 03:40:00,115.93954,39.7259
6304,2008-02-08 03:40:00,115.93954,39.7259
6304,2008-02-08 03:40:00,115.93954,39.7259
6304,2008-02-08 03:40:00,115.93954,39.7259
6304,2008-02-08 03:40:00,115.93954,39.7259
6304,2008-02-08 03:40:00,115.93954,39.7259
6304,2008-02-08 03:40:00,115.93954,39.7259
6304,2008-02-08 03:40:00,115.93954,39.7259
6304,2008-02-08 03:40:00,115.93954,39.7259
6304,2008-02-08 03:40:00,115.93954,39.7259
6304,2008-02-08 03:40:00,115.93954,39.7259
6304,2008-02-08 03:40:00,115.93954,39.7259
6304,2008-02-08 03:40:00,115.93954,39.7259
6304,2008-02-08 03:40:00,115.93954,39.7259
6304,2008-02-08 03:40:00,115.93954,39.7259
6304,2008-02-08 10:36:31,115.9412,39.72692
6304,2008-02-08 10:37:23,115.9412,39.72692
6304,2008-02-08 10:41:33,115.94833,39.72705
6304,2008-02-08 10:42:25,115.9512,39.73007
6304,2008-02-08 10:46:26,115.95688,39.73318
6304,2008-02-08 10:55:43,115.96259,39.72405
6304,2008-02-08 10:57:34,115.97707,39.71168
6304,2008-02-08 11:00:45,115.9854,39.70069
6304,2008-02-08 11:02:36,115.98987,39.69826
6304,2008-02-08 11:05:46,116.01599,39.7057
6304,2008-02-08 11:07:38,116.02905,39.70726
6304,2008-02-08 11:10:48,116.07094,39.71519
6304,2008-02-08 11:12:39,116.08128,39.7167
6304,2008-02-08 11:12:39,116.08128,39.7167
6304,2008-02-08 11:15:50,116.10821,39.72381
6304,2008-02-08 11:17:41,116.11641,39.72975
6304,2008-02-08 11:20:51,116.12809,39.74171
6304,2008-02-08 11:22:42,116.13591,39.74708
6304,2008-02-08 11:25:53,116.14936,39.76449
6304,2008-02-08 11:27:44,116.17135,39.78143
6304,2008-02-08 11:30:54,116.20001,39.81141
6304,2008-02-08 11:32:46,116.2059,39.83258
6304,2008-02-08 11:35:56,116.20676,39.84157
6304,2008-02-08 11:37:47,116.22606,39.84819
6304,2008-02-08 11:40:58,116.258,39.86615
6304,2008-02-08 11:42:49,116.25858,39.8776
6304,2008-02-08 11:45:59,116.25946,39.87959
6304,2008-02-08 11:48:51,116.25946,39.87959
6304,2008-02-08 11:59:04,116.25959,39.87959
6304,2008-02-08 12:08:20,116.26527,39.87978
6304,2008-02-08 12:12:07,116.26838,39.8881
6304,2008-02-08 12:13:22,116.27917,39.88826
6304,2008-02-08 12:17:09,116.29574,39.89559
6304,2008-02-08 12:18:24,116.30481,39.89567
6304,2008-02-08 12:22:10,116.315,39.90581
6304,2008-02-08 12:23:25,116.31502,39.89817
6304,2008-02-08 12:27:12,116.30594,39.90673
6304,2008-02-08 12:28:27,116.30447,39.91129
6304,2008-02-08 12:32:14,116.30419,39.93774
6304,2008-02-08 12:33:28,116.30387,39.94629
6304,2008-02-08 12:37:15,116.3269,39.96617
6304,2008-02-08 12:38:30,116.34333,39.96629
6304,2008-02-08 12:42:17,116.37498,39.97173
6304,2008-02-08 12:48:48,116.37817,39.9866
6304,2008-02-08 12:53:21,116.37092,39.96685
6304,2008-02-08 12:53:43,116.36825,39.96672
6304,2008-02-08 12:58:46,116.3562,39.96639
6304,2008-02-08 13:03:24,116.34012,39.96633
6304,2008-02-08 13:03:46,116.33481,39.96639
6304,2008-02-08 13:03:46,116.33481,39.96639
6304,2008-02-08 13:08:50,116.31721,39.95509
6304,2008-02-08 13:13:27,116.30779,39.94879
6304,2008-02-08 13:13:27,116.30779,39.94879
6304,2008-02-08 13:13:49,116.30764,39.94995
6304,2008-02-08 13:28:37,116.31707,39.95734
6304,2008-02-08 13:29:46,116.3155,39.96546
6304,2008-02-08 13:33:39,116.34756,39.96631
6304,2008-02-08 13:34:47,116.36471,39.9665
6304,2008-02-08 13:38:40,116.41571,39.96783
6304,2008-02-08 13:39:49,116.43031,39.96785
6304,2008-02-08 13:43:42,116.45509,39.94814
6304,2008-02-08 13:44:51,116.45513,39.94764
6304,2008-02-08 13:48:44,116.45652,39.94741
6304,2008-02-08 13:49:52,116.45642,39.94737
6304,2008-02-08 13:54:46,116.45616,39.94679
6304,2008-02-08 13:54:54,116.45614,39.94679
6304,2008-02-08 13:59:47,116.43608,39.96446
6304,2008-02-08 14:04:49,116.36332,39.9666
6304,2008-02-08 14:04:57,116.36131,39.96654
6304,2008-02-08 14:09:50,116.31927,39.96569
6304,2008-02-08 14:09:59,116.31927,39.96569
6304,2008-02-08 14:14:52,116.31889,39.97714
6304,2008-02-08 14:15:00,116.31885,39.97806
6304,2008-02-08 14:19:54,116.32115,39.97495
6304,2008-02-08 14:20:02,116.3221,39.97499
6304,2008-02-08 14:24:55,116.34565,39.97196
6304,2008-02-08 14:25:04,116.34624,39.97196
6304,2008-02-08 14:29:57,116.33192,39.97375
6304,2008-02-08 14:30:05,116.33192,39.97376
6304,2008-02-08 14:33:58,116.33194,39.97379
6304,2008-02-08 14:40:01,116.32798,39.96592
6304,2008-02-08 14:40:12,116.32808,39.96474
6304,2008-02-08 14:45:02,116.3176,39.95557
6304,2008-02-08 14:45:14,116.3176,39.95557
6304,2008-02-08 14:45:14,116.3176,39.95557
6304,2008-02-08 14:50:04,116.32293,39.93705
6304,2008-02-08 14:50:04,116.32293,39.93705
6304,2008-02-08 14:50:15,116.32511,39.93698
6304,2008-02-08 14:55:06,116.38191,39.94754
6304,2008-02-08 14:55:17,116.38465,39.94756
6304,2008-02-08 15:00:07,116.42716,39.9402
6304,2008-02-08 15:00:19,116.42723,39.93959
6304,2008-02-08 15:05:09,116.40922,39.93216
6304,2008-02-08 15:05:20,116.40713,39.93209
6304,2008-02-08 15:10:10,116.3838,39.93204
6304,2008-02-08 15:10:21,116.38277,39.93198
6304,2008-02-08 15:15:11,116.35013,39.93109
6304,2008-02-08 15:15:23,116.35013,39.93109
6304,2008-02-08 15:20:13,116.34417,39.94279
6304,2008-02-08 15:20:24,116.34391,39.94285
6304,2008-02-08 15:25:15,116.32952,39.95219
6304,2008-02-08 15:25:26,116.32969,39.95096
6304,2008-02-08 15:48:57,116.40438,39.91406
6304,2008-02-08 15:50:03,116.40912,39.91417
6304,2008-02-08 15:53:58,116.42288,39.91239
6304,2008-02-08 15:55:05,116.42249,39.91152
6304,2008-02-08 15:58:59,116.40811,39.91409
6304,2008-02-08 16:00:05,116.40531,39.91401
6304,2008-02-08 16:04:01,116.40039,39.91675
6304,2008-02-08 16:05:07,116.40023,39.91996
6304,2008-02-08 16:09:02,116.39344,39.93211
6304,2008-02-08 16:10:09,116.39003,39.93394
6304,2008-02-08 16:14:04,116.3873,39.94771
6304,2008-02-08 16:15:31,116.37702,39.94774
6304,2008-02-08 16:19:06,116.37452,39.97848
6304,2008-02-08 16:41:17,116.34557,40.02106
6304,2008-02-08 16:41:17,116.34557,40.02106
6304,2008-02-08 16:42:31,116.35087,40.01708
6304,2008-02-08 16:46:18,116.3733,39.98226
6304,2008-02-08 16:47:33,116.37445,39.97002
6304,2008-02-08 16:51:20,116.40019,39.96722
6304,2008-02-08 16:52:34,116.40158,39.96123
6304,2008-02-08 16:56:22,116.40164,39.94999
6304,2008-02-08 16:57:36,116.39459,39.94996
6304,2008-02-08 17:01:22,116.38897,39.95858
6304,2008-02-08 17:02:37,116.38848,39.96539
6304,2008-02-08 17:06:24,116.3738,39.981
6304,2008-02-08 17:07:38,116.37088,39.99091
6304,2008-02-08 17:11:26,116.36507,40.0003
6304,2008-02-08 17:12:40,116.36379,40.00027
6304,2008-02-08 17:16:27,116.33391,39.99293
6304,2008-02-08 17:17:42,116.32902,39.99156
6304,2008-02-08 17:21:29,116.31129,39.99611
6304,2008-02-08 17:22:43,116.30642,39.99859
6304,2008-02-08 17:26:30,116.28576,39.99679
6304,2008-02-08 17:27:45,116.28098,40.00063
6304,2008-02-08 17:31:32,116.27733,40.00408
6304,2008-02-08 17:32:47,116.27733,40.00408
6304,2008-02-08 17:35:34,116.27798,40.00508
