taxi_id,time,lon,lat
7983,2008-02-02 13:38:57,116.30384,39.88205
7983,2008-02-02 13:43:58,116.3053,39.87264
7983,2008-02-02 13:46:23,116.29962,39.86594
7983,2008-02-02 13:49:00,116.28887,39.86539
7983,2008-02-02 13:52:24,116.28652,39.86503
7983,2008-02-02 14:08:33,116.26875,39.89495
7983,2008-02-02 14:17:35,116.35565,39.89793
7983,2008-02-02 14:18:37,116.45424,39.89793
7983,2008-02-02 14:18:37,116.35567,39.89793
7983,2008-02-02 14:22:37,116.35715,39.8994
7983,2008-02-02 14:27:39,116.35704,39.89813
7983,2008-02-02 14:28:40,116.3571,39.89539
7983,2008-02-02 14:32:40,116.35393,39.8881
7983,2008-02-02 14:37:42,116.34454,39.88837
7983,2008-02-02 14:38:43,116.34022,39.88852
7983,2008-02-02 14:42:44,116.32482,39.88882
7983,2008-02-02 14:47:45,116.32274,39.90022
7983,2008-02-02 14:48:46,116.32271,39.90097
7983,2008-02-02 14:58:50,116.30416,39.89517
7983,2008-02-02 15:03:20,116.30873,39.88516
7983,2008-02-02 15:08:53,116.31068,39.88474
7983,2008-02-02 15:13:23,116.30838,39.8812
7983,2008-02-02 15:18:56,116.30436,39.89693
7983,2008-02-02 15:28:22,116.29621,39.91193
7983,2008-02-02 15:29:00,116.29615,39.91206
7983,2008-02-02 15:44:08,116.27214,39.9031
7983,2008-02-02 15:49:10,116.26837,39.90466
7983,2008-02-02 15:50:07,116.26614,39.90173
7983,2008-02-02 15:59:10,116.25878,39.90466
7983,2008-02-02 16:06:12,116.25858,39.89386
7983,2008-02-02 16:08:35,116.2533,39.89097
7983,2008-02-02 16:26:18,116.30935,39.88543
7983,2008-02-02 16:32:57,116.31297,39.88288
7983,2008-02-02 16:36:21,116.31488,39.88184
7983,2008-02-02 16:37:58,116.315,39.88535
7983,2008-02-02 16:43:00,116.30241,39.88256
7983,2008-02-02 16:46:25,116.27049,39.87889
7983,2008-02-02 16:48:02,116.26814,39.89022
7983,2008-02-02 16:56:28,116.23767,39.90264
7983,2008-02-02 16:58:05,116.23905,39.90619
7983,2008-02-02 17:08:12,116.2468,39.90197
7983,2008-02-02 17:10:33,116.24677,39.88927
7983,2008-02-02 17:13:14,116.24681,39.87941
7983,2008-02-02 17:18:15,116.25228,39.87113
7983,2008-02-02 17:23:20,116.25223,39.87115
7983,2008-02-02 17:28:45,116.25237,39.8712
7983,2008-02-02 17:28:45,116.25237,39.8712
7983,2008-02-02 17:28:45,116.25237,39.8712
7983,2008-02-02 17:49:01,116.25114,39.8718
7983,2008-02-02 17:54:03,116.24694,39.89536
7983,2008-02-02 17:55:54,116.2372,39.89601
7983,2008-02-03 04:09:35,116.25845,39.92458
7983,2008-02-03 04:14:36,116.2472,39.90623
7983,2008-02-03 04:14:36,116.2472,39.90623
7983,2008-02-03 04:19:38,116.23208,39.9025
7983,2008-02-03 04:26:06,116.23204,39.90269
7983,2008-02-03 04:26:06,116.23204,39.90269
7983,2008-02-03 04:26:06,116.23204,39.90269
7983,2008-02-03 04:26:06,116.23204,39.90269
7983,2008-02-03 04:26:06,116.23204,39.90269
7983,2008-02-03 04:26:06,116.23204,39.90269
7983,2008-02-03 04:26:06,116.23204,39.90269
7983,2008-02-03 04:26:06,116.23204,39.90269
7983,2008-02-03 04:26:06,116.23204,39.90269
7983,2008-02-03 04:26:06,116.23204,39.90269
7983,2008-02-03 04:26:06,116.23204,39.90269
7983,2008-02-03 04:26:06,116.23204,39.90269
7983,2008-02-03 04:26:06,116.23204,39.90269
7983,2008-02-03 04:26:06,116.23204,39.90269
7983,2008-02-03 04:26:06,116.23204,39.90269
7983,2008-02-03 04:26:06,116.23204,39.90269
7983,2008-02-03 04:26:06,116.23204,39.90269
7983,2008-02-03 04:26:06,116.23204,39.90269
7983,2008-02-03 04:26:06,116.23204,39.90269
7983,2008-02-03 04:26:06,116.23204,39.90269
7983,2008-02-03 12:34:04,116.23338,39.90259
7983,2008-02-03 12:38:57,116.23429,39.90254
7983,2008-02-03 12:39:06,116.23429,39.90254
7983,2008-02-03 12:44:07,116.23429,39.90254
7983,2008-02-03 12:49:00,116.24702,39.90262
7983,2008-02-03 12:54:11,116.25868,39.90271
7983,2008-02-03 12:59:03,116.25858,39.8967
7983,2008-02-03 13:00:29,116.25858,39.89434
7983,2008-02-03 13:09:06,116.26484,39.90622
7983,2008-02-03 13:19:09,116.29231,39.94503
7983,2008-02-03 13:29:13,116.37734,39.94746
7983,2008-02-03 13:33:20,116.40197,39.94544
7983,2008-02-03 13:38:22,116.40236,39.93549
7983,2008-02-03 13:39:16,116.40237,39.93528
7983,2008-02-03 13:43:24,116.40243,39.93365
7983,2008-02-03 13:48:25,116.392,39.93215
7983,2008-02-03 13:53:21,116.37928,39.93191
7983,2008-02-03 14:03:35,116.35513,39.93105
7983,2008-02-03 14:07:30,116.34493,39.93886
7983,2008-02-03 14:09:57,116.3353,39.93739
7983,2008-02-03 14:14:59,116.32391,39.93742
7983,2008-02-03 14:17:33,116.32251,39.93752
7983,2008-02-03 14:30:37,116.29795,39.94324
7983,2008-02-03 14:30:55,116.29737,39.94345
7983,2008-02-03 14:35:56,116.28347,39.94597
7983,2008-02-03 14:40:40,116.28959,39.93775
7983,2008-02-03 14:40:58,116.28968,39.93679
7983,2008-02-03 14:48:54,116.29602,39.9075
7983,2008-02-03 14:51:44,116.29276,39.90635
7983,2008-02-03 14:59:34,116.26732,39.91435
7983,2008-02-03 15:01:47,116.2677,39.91177
7983,2008-02-03 15:04:36,116.26754,39.90626
7983,2008-02-03 15:11:28,116.25504,39.90693
7983,2008-02-03 15:15:52,116.25858,39.90657
7983,2008-02-03 15:16:29,116.25857,39.90567
7983,2008-02-03 15:24:54,116.24672,39.91542
7983,2008-02-03 15:25:55,116.24637,39.91542
7983,2008-02-03 15:47:07,116.23382,39.89595
7983,2008-02-03 15:56:39,116.22409,39.89274
7983,2008-02-03 15:57:10,116.22405,39.8933
7983,2008-02-03 16:03:34,116.24565,39.89974
7983,2008-02-03 16:07:14,116.23476,39.89592
7983,2008-02-03 16:08:36,116.22986,39.89923
7983,2008-02-03 16:28:26,116.26739,39.90607
7983,2008-02-03 16:38:29,116.28864,39.90621
7983,2008-02-03 16:43:06,116.30015,39.90596
7983,2008-02-03 16:48:07,116.29863,39.89596
7983,2008-02-03 16:48:32,116.296,39.89593
7983,2008-02-03 16:53:09,116.27187,39.89583
7983,2008-02-03 16:58:11,116.23807,39.90274
7983,2008-02-03 16:58:11,116.23807,39.90274
7983,2008-02-03 17:01:37,116.23711,39.90523
7983,2008-02-03 17:03:16,116.23919,39.90622
7983,2008-02-03 17:08:18,116.23014,39.90622
7983,2008-02-03 17:12:41,116.23006,39.9025
7983,2008-02-03 17:13:19,116.23411,39.90257
7983,2008-02-03 17:22:44,116.26542,39.89545
7983,2008-02-03 17:32:46,116.27661,39.85908
7983,2008-02-03 17:37:07,116.27142,39.84832
7983,2008-02-03 17:42:09,116.27783,39.84914
7983,2008-02-03 17:42:50,116.27751,39.85278
7983,2008-02-03 17:52:53,116.26831,39.89858
7983,2008-02-03 17:55:37,116.26836,39.90466
7983,2008-02-03 18:00:39,116.26829,39.90804
7983,2008-02-03 18:02:56,116.26999,39.92172
7983,2008-02-03 18:05:41,116.27725,39.91701
7983,2008-02-03 18:10:42,116.28129,39.90603
7983,2008-02-03 18:13:00,116.28676,39.90602
7983,2008-02-03 18:15:44,116.28897,39.90064
7983,2008-02-03 18:20:46,116.28805,39.89898
7983,2008-02-03 18:23:03,116.29013,39.90602
7983,2008-02-03 18:25:47,116.30387,39.90441
7983,2008-02-03 18:30:49,116.28901,39.89722
7983,2008-02-03 18:33:06,116.28909,39.89979
7983,2008-02-03 18:43:10,116.26761,39.89946
7983,2008-02-03 18:53:13,116.26376,39.86647
7983,2008-02-03 18:57:46,116.2731,39.87392
7983,2008-02-03 19:02:46,116.26926,39.88264
7983,2008-02-03 19:03:16,116.26865,39.88511
7983,2008-02-03 19:07:49,116.26837,39.89912
7983,2008-02-03 19:12:50,116.26831,39.908
7983,2008-02-03 19:13:20,116.26844,39.91153
7983,2008-02-03 19:17:52,116.25899,39.91651
7983,2008-02-03 19:22:53,116.258,39.92429
7983,2008-02-03 19:28:30,116.25799,39.9245
7983,2008-02-03 19:28:30,116.25799,39.9245
7983,2008-02-03 19:28:30,116.25799,39.9245
7983,2008-02-03 19:28:30,116.25799,39.9245
7983,2008-02-03 19:28:30,116.25799,39.9245
7983,2008-02-03 19:28:30,116.25799,39.9245
7983,2008-02-03 19:28:30,116.25799,39.9245
7983,2008-02-03 19:28:30,116.25799,39.9245
7983,2008-02-03 19:28:30,116.25799,39.9245
7983,2008-02-03 19:28:30,116.25799,39.9245
7983,2008-02-03 19:28:30,116.25799,39.9245
7983,2008-02-03 19:28:30,116.25799,39.9245
7983,2008-02-03 19:28:30,116.25799,39.9245
7983,2008-02-03 19:28:30,116.25799,39.9245
7983,2008-02-03 19:28:30,116.25799,39.9245
7983,2008-02-03 19:28:30,116.25799,39.9245
7983,2008-02-03 20:52:34,116.25806,39.92429
7983,2008-02-03 20:58:05,116.25806,39.92435
7983,2008-02-03 20:58:05,116.25806,39.92435
7983,2008-02-03 20:58:05,116.25806,39.92435
7983,2008-02-03 20:58:05,116.25806,39.92435
7983,2008-02-03 20:58:05,116.25806,39.92435
7983,2008-02-03 20:58:05,116.25806,39.92435
7983,2008-02-03 20:58:05,116.25806,39.92435
7983,2008-02-03 20:58:05,116.25806,39.92435
7983,2008-02-03 20:58:05,116.25806,39.92435
7983,2008-02-03 20:58:05,116.25806,39.92435
7983,2008-02-03 20:58:05,116.25806,39.92435
7983,2008-02-03 20:58:05,116.25806,39.92435
7983,2008-02-03 20:58:05,116.25806,39.92435
7983,2008-02-03 20:58:05,116.25806,39.92435
7983,2008-02-03 20:58:05,116.25806,39.92435
7983,2008-02-03 20:58:05,116.25806,39.92435
7983,2008-02-03 20:58:05,116.25806,39.92435
7983,2008-02-03 20:58:05,116.25806,39.92435
7983,2008-02-03 20:58:05,116.25806,39.92435
7983,2008-02-03 20:58:05,116.25806,39.92435
7983,2008-02-03 20:58:05,116.25806,39.92435
7983,2008-02-03 20:58:05,116.25806,39.92435
7983,2008-02-03 20:58:05,116.25806,39.92435
7983,2008-02-04 01:13:45,116.25864,39.9181
7983,2008-02-04 01:18:46,116.24499,39.90626
7983,2008-02-04 01:19:35,116.23644,39.90626
7983,2008-02-04 01:23:48,116.21114,39.89846
7983,2008-02-04 01:36:00,116.2124,39.90258
7983,2008-02-04 01:41:01,116.23711,39.90614
7983,2008-02-04 01:41:01,116.23711,39.90614
7983,2008-02-04 01:43:47,116.24666,39.90614
7983,2008-02-04 01:53:50,116.30427,39.91349
7983,2008-02-04 02:00:42,116.32674,39.96651
7983,2008-02-04 02:04:54,116.30295,39.95557
7983,2008-02-04 02:14:57,116.31379,39.89548
7983,2008-02-04 02:15:07,116.3138,39.89548
7983,2008-02-04 02:20:08,116.3152,39.90592
7983,2008-02-04 02:25:10,116.29014,39.91173
7983,2008-02-04 02:26:01,116.28853,39.90891
7983,2008-02-04 02:30:12,116.27742,39.91827
7983,2008-02-04 02:35:13,116.25906,39.92788
7983,2008-02-04 02:36:04,116.25852,39.92556
7983,2008-02-04 02:40:18,116.25861,39.92052
7983,2008-02-04 02:48:08,116.27676,39.8653
7983,2008-02-04 02:53:04,116.30895,39.867
7983,2008-02-04 02:58:06,116.30455,39.88945
7983,2008-02-04 02:58:11,116.30455,39.8901
7983,2008-02-04 03:03:07,116.28384,39.89904
7983,2008-02-04 03:03:07,116.28384,39.89904
7983,2008-02-04 03:08:15,116.30521,39.87402
7983,2008-02-04 03:08:54,116.30471,39.87302
7983,2008-02-04 03:13:56,116.28854,39.86512
7983,2008-02-04 03:18:18,116.27071,39.87884
7983,2008-02-04 03:18:58,116.26958,39.88174
7983,2008-02-04 03:23:59,116.25869,39.90238
7983,2008-02-04 03:28:21,116.24557,39.90629
7983,2008-02-04 03:29:01,116.24062,39.9063
7983,2008-02-04 03:34:42,116.22381,39.89155
7983,2008-02-04 03:38:25,116.22987,39.89815
7983,2008-02-04 03:39:43,116.23021,39.9062
7983,2008-02-04 03:48:27,116.18411,39.9062
7983,2008-02-04 03:49:11,116.18303,39.90892
7983,2008-02-04 03:54:12,116.20467,39.9047
7983,2008-02-04 03:59:14,116.21451,39.9026
7983,2008-02-04 03:59:31,116.21737,39.90259
7983,2008-02-04 04:02:33,116.23297,39.90256
7983,2008-02-04 04:07:40,116.2331,39.90259
7983,2008-02-04 04:07:40,116.2331,39.90259
7983,2008-02-04 04:07:40,116.2331,39.90259
7983,2008-02-04 04:07:40,116.2331,39.90259
7983,2008-02-04 04:07:40,116.2331,39.90259
7983,2008-02-04 04:07:40,116.2331,39.90259
7983,2008-02-04 04:07:40,116.2331,39.90259
7983,2008-02-04 04:07:40,116.2331,39.90259
7983,2008-02-04 04:07:40,116.2331,39.90259
7983,2008-02-04 04:07:40,116.2331,39.90259
7983,2008-02-04 04:07:40,116.2331,39.90259
7983,2008-02-04 04:07:40,116.2331,39.90259
7983,2008-02-04 04:07:40,116.2331,39.90259
7983,2008-02-04 04:07:40,116.2331,39.90259
7983,2008-02-04 04:07:40,116.2331,39.90259
7983,2008-02-04 04:07:40,116.2331,39.90259
7983,2008-02-04 04:07:40,116.2331,39.90259
7983,2008-02-04 04:07:40,116.2331,39.90259
7983,2008-02-04 04:07:40,116.2331,39.90259
7983,2008-02-04 04:07:40,116.2331,39.90259
7983,2008-02-04 04:07:40,116.2331,39.90259
7983,2008-02-04 04:07:40,116.2331,39.90259
7983,2008-02-04 04:07:40,116.2331,39.90259
7983,2008-02-04 09:59:50,116.23281,39.90253
7983,2008-02-04 10:03:43,116.23418,39.90255
7983,2008-02-04 10:03:43,116.23418,39.90255
7983,2008-02-04 10:13:46,116.30416,39.89285
7983,2008-02-04 10:23:50,116.35744,39.85314
7983,2008-02-04 10:28:10,116.39073,39.85483
7983,2008-02-04 10:33:53,116.39454,39.83661
7983,2008-02-04 10:39:08,116.37581,39.83892
7983,2008-02-04 10:43:56,116.3742,39.84874
7983,2008-02-04 10:54:00,116.39412,39.8695
7983,2008-02-04 10:55:54,116.39431,39.87544
7983,2008-02-04 11:02:41,116.38815,39.88493
7983,2008-02-04 11:04:03,116.38476,39.88492
7983,2008-02-04 11:14:06,116.38307,39.89483
7983,2008-02-04 11:24:10,116.38304,39.89519
7983,2008-02-04 11:26:53,116.38304,39.89519
7983,2008-02-04 11:52:12,116.32224,39.88867
7983,2008-02-04 12:02:15,116.32045,39.88252
7983,2008-02-04 12:18:26,116.32463,39.88326
7983,2008-02-04 12:20:29,116.32027,39.88821
7983,2008-02-04 12:25:30,116.30729,39.88486
7983,2008-02-04 12:28:29,116.2973,39.88053
7983,2008-02-04 12:30:32,116.2968,39.88544
7983,2008-02-04 12:44:39,116.29998,39.90616
7983,2008-02-04 12:54:42,116.32503,39.92681
7983,2008-02-04 13:00:31,116.32795,39.92555
7983,2008-02-04 13:04:45,116.32672,39.92188
7983,2008-02-04 13:14:49,116.27462,39.92321
7983,2008-02-04 13:24:52,116.25857,39.90325
7983,2008-02-04 13:26:32,116.25533,39.89909
7983,2008-02-04 13:34:55,116.26726,39.90616
7983,2008-02-04 13:44:38,116.29636,39.90604
7983,2008-02-04 13:44:59,116.29642,39.90604
7983,2008-02-04 13:55:02,116.31534,39.90611
7983,2008-02-04 13:57:06,116.32268,39.90459
7983,2008-02-04 14:02:08,116.31962,39.89203
7983,2008-02-04 14:05:05,116.31497,39.892
7983,2008-02-04 14:07:09,116.31133,39.8866
7983,2008-02-04 14:12:11,116.30469,39.89592
7983,2008-02-04 14:15:09,116.28901,39.8986
7983,2008-02-04 14:25:12,116.26885,39.89896
7983,2008-02-04 14:27:30,116.26838,39.90443
7983,2008-02-04 14:35:07,116.25283,39.89752
7983,2008-02-04 14:35:15,116.25283,39.89752
7983,2008-02-04 14:40:09,116.24024,39.90274
7983,2008-02-04 14:45:11,116.22664,39.90613
7983,2008-02-04 14:45:18,116.22762,39.9061
7983,2008-02-04 14:50:12,116.2321,39.9005
7983,2008-02-04 15:12:45,116.22997,39.89951
7983,2008-02-04 15:17:49,116.22988,39.90126
7983,2008-02-04 15:17:49,116.22988,39.90126
7983,2008-02-04 15:21:22,116.21804,39.90268
7983,2008-02-04 15:22:36,116.215,39.90116
7983,2008-02-04 15:22:36,116.215,39.90116
7983,2008-02-04 15:24:37,116.21516,39.90113
7983,2008-02-04 15:34:54,116.21933,39.90613
7983,2008-02-04 15:39:56,116.23001,39.90176
7983,2008-02-04 15:40:47,116.23001,39.90176
7983,2008-02-04 15:44:58,116.25251,39.90261
7983,2008-02-04 15:49:59,116.25878,39.90382
7983,2008-02-04 15:53:51,116.25884,39.90441
7983,2008-02-04 16:03:55,116.27744,39.90827
7983,2008-02-04 16:11:13,116.29603,39.90816
7983,2008-02-04 16:13:58,116.29589,39.90668
7983,2008-02-04 16:18:55,116.27745,39.90858
7983,2008-02-04 16:23:56,116.29601,39.91164
7983,2008-02-04 16:24:01,116.29609,39.91139
7983,2008-02-04 16:41:27,116.27734,39.89993
7983,2008-02-04 16:54:11,116.2902,39.89723
7983,2008-02-04 16:54:57,116.29021,39.89706
7983,2008-02-04 16:59:57,116.26389,39.89583
7983,2008-02-04 17:04:13,116.23837,39.90271
7983,2008-02-04 17:04:13,116.23837,39.90271
7983,2008-02-04 17:04:59,116.23807,39.90282
7983,2008-02-04 17:16:33,116.23636,39.90624
7983,2008-02-04 17:21:34,116.22962,39.90283
7983,2008-02-04 17:22:25,116.22963,39.90164
7983,2008-02-04 17:26:36,116.24669,39.88886
7983,2008-02-04 17:31:38,116.2509,39.87098
7983,2008-02-04 17:32:28,116.25231,39.87109
7983,2008-02-04 17:36:30,116.25221,39.87115
7983,2008-02-04 17:41:36,116.25214,39.8711
7983,2008-02-04 17:41:36,116.25214,39.8711
7983,2008-02-04 17:41:36,116.25214,39.8711
7983,2008-02-04 17:41:36,116.25214,39.8711
7983,2008-02-04 17:41:36,116.25214,39.8711
7983,2008-02-04 18:11:56,116.25229,39.87119
7983,2008-02-04 18:16:57,116.25229,39.87119
7983,2008-02-04 18:19:49,116.25229,39.87119
7983,2008-02-04 18:24:55,116.25227,39.87118
7983,2008-02-04 18:24:55,116.25227,39.87118
7983,2008-02-04 18:40:08,116.25216,39.87113
7983,2008-02-04 18:40:08,116.25216,39.87113
7983,2008-02-04 18:46:01,116.25216,39.87113
7983,2008-02-04 18:50:12,116.25131,39.87102
7983,2008-02-04 18:55:13,116.25225,39.87114
7983,2008-02-04 18:56:04,116.25225,39.87114
7983,2008-02-04 19:00:15,116.24704,39.87161
7983,2008-02-04 19:06:08,116.24434,39.89597
7983,2008-02-04 19:10:14,116.22789,39.8979
7983,2008-02-04 19:17:15,116.25848,39.89272
7983,2008-02-04 19:22:16,116.25866,39.90183
7983,2008-02-04 19:26:14,116.2587,39.90673
7983,2008-02-04 19:27:18,116.25878,39.90831
7983,2008-02-04 19:36:18,116.24062,39.91499
7983,2008-02-04 19:37:20,116.23873,39.91578
7983,2008-02-04 19:50:22,116.25804,39.92272
7983,2008-02-04 19:52:28,116.25867,39.92252
7983,2008-02-04 19:55:24,116.25861,39.92469
7983,2008-02-04 20:00:32,116.25857,39.92469
7983,2008-02-04 20:00:32,116.25857,39.92469
7983,2008-02-04 20:00:32,116.25857,39.92469
7983,2008-02-04 20:00:32,116.25857,39.92469
7983,2008-02-04 20:00:32,116.25857,39.92469
7983,2008-02-04 20:00:32,116.25857,39.92469
7983,2008-02-04 20:00:32,116.25857,39.92469
7983,2008-02-04 20:00:32,116.25857,39.92469
7983,2008-02-04 20:00:32,116.25857,39.92469
7983,2008-02-04 20:00:32,116.25857,39.92469
7983,2008-02-04 20:00:32,116.25857,39.92469
7983,2008-02-04 20:00:32,116.25857,39.92469
7983,2008-02-04 20:00:32,116.25857,39.92469
7983,2008-02-04 20:00:32,116.25857,39.92469
7983,2008-02-04 20:00:32,116.25857,39.92469
7983,2008-02-04 20:00:32,116.25857,39.92469
7983,2008-02-04 20:00:32,116.25857,39.92469
7983,2008-02-04 20:00:32,116.25857,39.92469
7983,2008-02-04 20:00:32,116.25857,39.92469
7983,2008-02-04 20:00:32,116.25857,39.92469
7983,2008-02-04 20:00:32,116.25857,39.92469
7983,2008-02-05 04:08:30,116.25848,39.92469
7983,2008-02-05 04:13:31,116.2469,39.91611
7983,2008-02-05 04:16:23,116.23909,39.90627
7983,2008-02-05 04:25:31,116.23294,39.90267
7983,2008-02-05 04:25:31,116.23294,39.90267
7983,2008-02-05 04:25:31,116.23294,39.90267
7983,2008-02-05 04:25:31,116.23294,39.90267
7983,2008-02-05 04:25:31,116.23294,39.90267
7983,2008-02-05 04:25:31,116.23294,39.90267
7983,2008-02-05 04:25:31,116.23294,39.90267
7983,2008-02-05 04:25:31,116.23294,39.90267
7983,2008-02-05 04:25:31,116.23294,39.90267
7983,2008-02-05 04:25:31,116.23294,39.90267
7983,2008-02-05 04:25:31,116.23294,39.90267
7983,2008-02-05 04:25:31,116.23294,39.90267
7983,2008-02-05 04:25:31,116.23294,39.90267
7983,2008-02-05 04:25:31,116.23294,39.90267
7983,2008-02-05 04:25:31,116.23294,39.90267
7983,2008-02-05 04:25:31,116.23294,39.90267
7983,2008-02-05 04:25:31,116.23294,39.90267
7983,2008-02-05 04:25:31,116.23294,39.90267
7983,2008-02-05 09:57:35,116.23324,39.90223
7983,2008-02-05 10:02:28,116.23394,39.90244
7983,2008-02-05 10:07:41,116.24704,39.905
7983,2008-02-05 10:12:31,116.2586,39.90514
7983,2008-02-05 10:22:35,116.31451,39.90604
7983,2008-02-05 10:32:38,116.38924,39.9061
7983,2008-02-05 10:42:41,116.42943,39.90708
7983,2008-02-05 10:42:41,116.42943,39.90708
7983,2008-02-05 10:52:45,116.45787,39.93246
7983,2008-02-05 10:53:57,116.4568,39.93301
7983,2008-02-05 11:00:35,116.44957,39.94707
7983,2008-02-05 11:02:48,116.44917,39.94679
7983,2008-02-05 11:12:51,116.44746,39.93248
7983,2008-02-05 11:18:07,116.43273,39.93247
7983,2008-02-05 11:22:55,116.4127,39.93237
7983,2008-02-05 11:23:09,116.41094,39.93236
7983,2008-02-05 11:28:11,116.38736,39.93217
7983,2008-02-05 11:32:58,116.36944,39.93144
7983,2008-02-05 11:43:00,116.29106,39.94571
7983,2008-02-05 11:50:54,116.24649,39.94836
7983,2008-02-05 11:53:03,116.24784,39.9458
7983,2008-02-05 12:03:07,116.30219,39.94144
7983,2008-02-05 12:13:10,116.35866,39.93104
7983,2008-02-05 12:20:08,116.35372,39.91462
7983,2008-02-05 12:23:13,116.35047,39.91708
7983,2008-02-05 12:25:09,116.34781,39.9171
7983,2008-02-05 12:30:11,116.33653,39.91266
7983,2008-02-05 12:33:17,116.32924,39.91309
7983,2008-02-05 12:35:13,116.32918,39.91289
7983,2008-02-05 12:46:31,116.32806,39.92632
7983,2008-02-05 12:50:27,116.32018,39.93115
7983,2008-02-05 12:56:42,116.33272,39.92678
7983,2008-02-05 13:00:30,116.32828,39.92277
7983,2008-02-05 13:10:34,116.32348,39.90974
7983,2008-02-05 13:20:36,116.30417,39.8932
7983,2008-02-05 13:29:35,116.30991,39.88569
7983,2008-02-05 13:30:39,116.31015,39.88575
7983,2008-02-05 13:43:17,116.30763,39.86766
7983,2008-02-05 13:52:47,116.30535,39.8775
7983,2008-02-05 13:57:46,116.30092,39.88008
7983,2008-02-05 14:02:47,116.30459,39.88969
7983,2008-02-05 14:04:51,116.30427,39.90065
7983,2008-02-05 14:16:55,116.3039,39.90979
7983,2008-02-05 14:26:59,116.32398,39.96588
7983,2008-02-05 14:28:20,116.32123,39.96618
7983,2008-02-05 14:33:21,116.3158,39.96598
7983,2008-02-05 14:37:01,116.30237,39.96115
7983,2008-02-05 14:43:24,116.30379,39.93324
7983,2008-02-05 14:47:04,116.30373,39.92351
7983,2008-02-05 14:54:55,116.31497,39.89621
7983,2008-02-05 14:57:08,116.31084,39.89595
7983,2008-02-05 15:06:00,116.30083,39.88028
7983,2008-02-05 15:07:11,116.30082,39.8803
7983,2008-02-05 15:11:02,116.30283,39.88298
7983,2008-02-05 15:16:03,116.29681,39.88532
7983,2008-02-05 15:19:16,116.29674,39.8888
7983,2008-02-05 15:21:08,116.28898,39.89061
7983,2008-02-05 15:26:10,116.27644,39.8991
7983,2008-02-05 15:29:19,116.27358,39.89916
7983,2008-02-05 15:31:12,116.27279,39.89915
7983,2008-02-05 15:42:23,116.29605,39.86055
7983,2008-02-05 15:42:23,116.29605,39.86055
7983,2008-02-05 15:43:32,116.29918,39.86091
7983,2008-02-05 15:48:33,116.30276,39.86429
7983,2008-02-05 15:52:26,116.28763,39.86516
7983,2008-02-05 15:53:35,116.28228,39.86474
7983,2008-02-05 15:58:37,116.27078,39.87866
7983,2008-02-05 16:02:30,116.25867,39.88774
7983,2008-02-05 16:03:38,116.25744,39.88844
7983,2008-02-05 16:12:33,116.21501,39.90123
7983,2008-02-05 16:13:20,116.21517,39.90367
7983,2008-02-05 16:18:21,116.20308,39.89305
7983,2008-02-05 16:22:36,116.19709,39.89003
7983,2008-02-05 16:23:23,116.19663,39.89083
7983,2008-02-05 16:28:25,116.19727,39.8894
7983,2008-02-05 16:33:26,116.20194,39.89125
7983,2008-02-05 16:33:40,116.20242,39.89225
7983,2008-02-05 16:38:28,116.21549,39.90261
7983,2008-02-05 16:43:30,116.23185,39.9001
7983,2008-02-05 16:44:44,116.2319,39.89987
7983,2008-02-05 16:50:34,116.21173,39.8986
7983,2008-02-05 16:54:46,116.2264,39.90264
7983,2008-02-05 16:54:46,116.2264,39.90264
7983,2008-02-05 16:59:48,116.23812,39.90277
7983,2008-02-05 17:10:04,116.2392,39.90653
7983,2008-02-05 17:15:10,116.22954,39.89945
7983,2008-02-05 17:18:58,116.25641,39.89575
7983,2008-02-05 17:18:58,116.25641,39.89575
7983,2008-02-05 17:25:13,116.26839,39.94078
7983,2008-02-05 17:29:02,116.26929,39.94473
7983,2008-02-05 17:30:14,116.26955,39.94784
7983,2008-02-05 17:35:16,116.27331,39.95086
7983,2008-02-05 17:39:05,116.28157,39.94556
7983,2008-02-05 17:40:18,116.27969,39.94528
7983,2008-02-05 17:45:19,116.2759,39.94528
7983,2008-02-05 17:50:09,116.28025,39.94522
7983,2008-02-05 17:50:21,116.28176,39.94542
7983,2008-02-05 17:55:23,116.26913,39.94413
7983,2008-02-05 18:00:12,116.26788,39.94336
7983,2008-02-05 18:00:24,116.2679,39.94301
7983,2008-02-05 18:10:15,116.26424,39.92311
7983,2008-02-05 18:10:28,116.26419,39.92311
7983,2008-02-05 18:15:29,116.26183,39.92323
7983,2008-02-05 18:20:31,116.25816,39.92402
7983,2008-02-05 18:26:27,116.25791,39.92393
7983,2008-02-05 18:26:27,116.25791,39.92393
7983,2008-02-05 18:26:27,116.25791,39.92393
7983,2008-02-05 18:26:27,116.25791,39.92393
7983,2008-02-05 18:26:27,116.25791,39.92393
7983,2008-02-05 18:26:27,116.25791,39.92393
7983,2008-02-05 18:26:27,116.25791,39.92393
7983,2008-02-05 18:26:27,116.25791,39.92393
7983,2008-02-05 18:26:27,116.25791,39.92393
7983,2008-02-05 18:26:27,116.25791,39.92393
7983,2008-02-05 18:26:27,116.25791,39.92393
7983,2008-02-05 18:26:27,116.25791,39.92393
7983,2008-02-05 18:26:27,116.25791,39.92393
7983,2008-02-05 18:26:27,116.25791,39.92393
7983,2008-02-05 18:26:27,116.25791,39.92393
7983,2008-02-05 18:26:27,116.25791,39.92393
7983,2008-02-05 18:26:27,116.25791,39.92393
7983,2008-02-05 18:26:27,116.25791,39.92393
7983,2008-02-05 18:26:27,116.25791,39.92393
7983,2008-02-05 18:26:27,116.25791,39.92393
7983,2008-02-05 18:26:27,116.25791,39.92393
7983,2008-02-05 18:26:27,116.25791,39.92393
7983,2008-02-06 02:04:05,116.27606,39.97223
7983,2008-02-06 02:14:09,116.40671,39.98629
7983,2008-02-06 02:14:20,116.40647,39.98599
7983,2008-02-06 02:24:12,116.41086,39.94775
7983,2008-02-06 02:30:33,116.44055,39.93166
7983,2008-02-06 02:34:15,116.44077,39.93201
7983,2008-02-06 02:39:07,116.43751,39.92764
7983,2008-02-06 02:44:09,116.41101,39.93237
7983,2008-02-06 02:44:18,116.40965,39.93223
7983,2008-02-06 02:49:10,116.37559,39.93176
7983,2008-02-06 02:54:12,116.35295,39.93412
7983,2008-02-06 02:54:12,116.35295,39.93412
7983,2008-02-06 02:54:22,116.35295,39.93412
7983,2008-02-06 02:59:14,116.35013,39.93104
7983,2008-02-06 03:04:25,116.35313,39.93659
7983,2008-02-06 03:13:35,116.35991,39.94207
7983,2008-02-06 03:14:28,116.36,39.94209
7983,2008-02-06 03:18:37,116.34634,39.93923
7983,2008-02-06 03:24:32,116.29248,39.94514
7983,2008-02-06 03:28:25,116.26592,39.94281
7983,2008-02-06 03:33:27,116.25861,39.92621
7983,2008-02-06 03:34:35,116.25865,39.9199
7983,2008-02-06 03:38:28,116.2468,39.90631
7983,2008-02-06 03:46:40,116.2334,39.9026
7983,2008-02-06 03:51:46,116.23321,39.90281
7983,2008-02-06 03:51:46,116.23321,39.90281
7983,2008-02-06 03:51:46,116.23321,39.90281
7983,2008-02-06 03:51:46,116.23321,39.90281
7983,2008-02-06 03:51:46,116.23321,39.90281
7983,2008-02-06 03:51:46,116.23321,39.90281
7983,2008-02-06 03:51:46,116.23321,39.90281
7983,2008-02-06 03:51:46,116.23321,39.90281
7983,2008-02-06 03:51:46,116.23321,39.90281
7983,2008-02-06 03:51:46,116.23321,39.90281
7983,2008-02-06 03:51:46,116.23321,39.90281
7983,2008-02-06 03:51:46,116.23321,39.90281
7983,2008-02-06 03:51:46,116.23321,39.90281
7983,2008-02-06 03:51:46,116.23321,39.90281
7983,2008-02-06 03:51:46,116.23321,39.90281
7983,2008-02-06 03:51:46,116.23321,39.90281
7983,2008-02-06 03:51:46,116.23321,39.90281
7983,2008-02-06 03:51:46,116.23321,39.90281
7983,2008-02-06 03:51:46,116.23321,39.90281
7983,2008-02-06 03:51:46,116.23321,39.90281
7983,2008-02-06 03:51:46,116.23321,39.90281
7983,2008-02-06 03:51:46,116.23321,39.90281
7983,2008-02-06 10:39:16,116.23332,39.90249
7983,2008-02-06 10:44:18,116.23611,39.90205
7983,2008-02-06 10:47:10,116.2239,39.90272
7983,2008-02-06 10:57:13,116.1788,39.90613
7983,2008-02-06 11:07:17,116.13854,39.93895
7983,2008-02-06 11:08:01,116.13846,39.94044
7983,2008-02-06 11:13:03,116.14661,39.93511
7983,2008-02-06 11:21:08,116.1705,39.90903
7983,2008-02-06 11:26:27,116.18288,39.9097
7983,2008-02-06 11:26:27,116.18288,39.9097
7983,2008-02-06 11:27:24,116.18296,39.91112
7983,2008-02-06 11:40:27,116.20128,39.92372
7983,2008-02-06 11:46:52,116.19124,39.91558
7983,2008-02-06 11:50:30,116.19243,39.91663
7983,2008-02-06 11:51:54,116.19704,39.92001
7983,2008-02-06 11:55:33,116.19925,39.92005
7983,2008-02-06 11:55:33,116.19925,39.92005
7983,2008-02-06 12:58:43,116.19745,39.9236
7983,2008-02-06 13:03:47,116.19333,39.9237
7983,2008-02-06 13:08:49,116.20086,39.92053
7983,2008-02-06 13:09:03,116.20083,39.92001
7983,2008-02-06 13:13:51,116.2046,39.90612
7983,2008-02-06 13:18:52,116.22063,39.90262
7983,2008-02-06 13:19:06,116.22213,39.90265
7983,2008-02-06 13:44:36,116.28746,39.84311
7983,2008-02-06 13:52:31,116.27732,39.86018
7983,2008-02-06 13:54:59,116.28689,39.86458
7983,2008-02-06 14:00:00,116.27287,39.87463
7983,2008-02-06 14:02:34,116.26121,39.87977
7983,2008-02-06 14:12:36,116.26931,39.92419
7983,2008-02-06 14:18:04,116.28224,39.95656
7983,2008-02-06 14:38:45,116.30111,39.96696
7983,2008-02-06 14:48:49,116.28554,40.02591
7983,2008-02-06 14:49:24,116.28445,40.02614
7983,2008-02-06 14:49:24,116.28445,40.02614
7983,2008-02-06 14:54:26,116.28086,40.01385
7983,2008-02-06 14:58:52,116.29408,39.98237
7983,2008-02-06 14:59:28,116.2944,39.97826
7983,2008-02-06 15:04:29,116.29897,39.96349
7983,2008-02-06 15:09:31,116.30371,39.94115
7983,2008-02-06 15:14:33,116.30377,39.92344
7983,2008-02-06 15:18:59,116.30375,39.90787
7983,2008-02-06 15:19:34,116.3037,39.90783
7983,2008-02-06 15:24:35,116.30247,39.89072
7983,2008-02-06 15:29:02,116.29023,39.89002
7983,2008-02-06 15:29:37,116.28903,39.89081
7983,2008-02-06 15:34:38,116.27676,39.89905
7983,2008-02-06 15:39:05,116.25894,39.89911
7983,2008-02-06 15:39:40,116.25894,39.89911
7983,2008-02-06 15:44:08,116.24908,39.9026
7983,2008-02-06 15:53:10,116.21097,39.90269
7983,2008-02-06 16:00:43,116.1805,39.90747
7983,2008-02-06 16:03:13,116.18461,39.9061
7983,2008-02-06 16:05:45,116.19335,39.90375
7983,2008-02-06 16:10:46,116.21167,39.90244
7983,2008-02-06 16:23:36,116.20402,39.90268
7983,2008-02-06 16:28:41,116.20839,39.90257
7983,2008-02-06 16:31:26,116.224,39.90254
7983,2008-02-06 16:33:42,116.22994,39.90051
7983,2008-02-06 16:38:44,116.25873,39.90299
7983,2008-02-06 16:41:30,116.25872,39.90621
7983,2008-02-06 16:47:18,116.25575,39.91774
7983,2008-02-06 16:51:33,116.25867,39.91733
7983,2008-02-06 16:52:20,116.25866,39.92119
7983,2008-02-06 16:57:06,116.25786,39.92416
7983,2008-02-06 17:39:06,116.25859,39.91667
7983,2008-02-06 17:44:08,116.27869,39.92181
7983,2008-02-06 17:45:56,116.2751,39.92311
7983,2008-02-06 17:56:00,116.19778,39.92349
7983,2008-02-06 18:06:03,116.12922,39.92853
7983,2008-02-06 18:14:14,116.11091,39.92491
7983,2008-02-06 18:16:06,116.10771,39.92871
7983,2008-02-06 18:19:15,116.12015,39.93778
7983,2008-02-06 18:24:17,116.1528,39.92278
7983,2008-02-06 18:26:09,116.16547,39.92329
7983,2008-02-06 18:34:54,116.17809,39.90621
7983,2008-02-06 18:36:13,116.17809,39.90621
7983,2008-02-06 18:39:55,116.17633,39.90601
7983,2008-02-06 18:44:57,116.20463,39.90304
7983,2008-02-06 18:46:16,116.20841,39.90179
7983,2008-02-06 18:46:16,116.20841,39.90179
7983,2008-02-06 18:49:17,116.21354,39.89799
7983,2008-02-06 18:55:04,116.22347,39.89658
7983,2008-02-06 19:01:22,116.20669,39.90624
7983,2008-02-06 19:06:22,116.18241,39.91663
7983,2008-02-06 19:11:25,116.19184,39.92327
7983,2008-02-06 19:15:12,116.20252,39.92924
7983,2008-02-06 19:21:28,116.18641,39.92807
7983,2008-02-06 19:26:33,116.16485,39.92436
7983,2008-02-06 19:31:30,116.18021,39.92467
7983,2008-02-06 19:31:35,116.18035,39.92428
7983,2008-02-06 19:36:36,116.18052,39.90621
7983,2008-02-06 19:41:34,116.20941,39.90609
7983,2008-02-06 19:45:13,116.22801,39.90259
7983,2008-02-06 19:50:15,116.21176,39.90235
7983,2008-02-06 19:52:38,116.21182,39.90227
7983,2008-02-06 19:57:46,116.21156,39.90229
7983,2008-02-06 19:57:46,116.21156,39.90229
7983,2008-02-06 19:57:46,116.21156,39.90229
7983,2008-02-06 19:57:46,116.21156,39.90229
7983,2008-02-06 19:57:46,116.21156,39.90229
7983,2008-02-06 19:57:46,116.21156,39.90229
7983,2008-02-06 19:57:46,116.21156,39.90229
7983,2008-02-06 19:57:46,116.21156,39.90229
7983,2008-02-06 19:57:46,116.21156,39.90229
7983,2008-02-06 19:57:46,116.21156,39.90229
7983,2008-02-06 19:57:46,116.21156,39.90229
7983,2008-02-06 19:57:46,116.21156,39.90229
7983,2008-02-06 19:57:46,116.21156,39.90229
7983,2008-02-06 19:57:46,116.21156,39.90229
7983,2008-02-06 19:57:46,116.21156,39.90229
7983,2008-02-06 19:57:46,116.21156,39.90229
7983,2008-02-06 19:57:46,116.21156,39.90229
7983,2008-02-06 19:57:46,116.21156,39.90229
7983,2008-02-06 19:57:46,116.21156,39.90229
7983,2008-02-06 19:57:46,116.21156,39.90229
7983,2008-02-06 19:57:46,116.21156,39.90229
7983,2008-02-06 23:09:05,116.20698,39.90551
7983,2008-02-06 23:15:58,116.20702,39.90548
7983,2008-02-06 23:31:02,116.22872,39.90908
7983,2008-02-06 23:39:48,116.23666,39.91532
7983,2008-02-06 23:41:05,116.23654,39.91532
7983,2008-02-06 23:41:05,116.23654,39.91532
7983,2008-02-06 23:44:50,116.25217,39.9164
7983,2008-02-06 23:49:20,116.25128,39.91649
7983,2008-02-06 23:51:09,116.25841,39.91641
7983,2008-02-07 00:01:12,116.33824,39.92353
7983,2008-02-07 00:02:15,116.34019,39.92678
7983,2008-02-07 00:11:15,116.30394,39.91354
7983,2008-02-07 00:21:19,116.27742,39.84523
7983,2008-02-07 00:22:40,116.27739,39.83878
7983,2008-02-07 00:31:22,116.24697,39.86275
7983,2008-02-07 00:41:25,116.24705,39.88523
7983,2008-02-07 00:42:44,116.24719,39.8901
7983,2008-02-07 00:47:46,116.24705,39.90358
7983,2008-02-07 00:51:29,116.23042,39.90626
7983,2008-02-07 01:01:32,116.17385,39.92289
7983,2008-02-07 01:03:56,116.16583,39.9255
7983,2008-02-07 01:08:58,116.18043,39.91998
7983,2008-02-07 01:11:35,116.18058,39.90624
7983,2008-02-07 01:13:59,116.20122,39.90611
7983,2008-02-07 01:19:01,116.2297,39.90284
7983,2008-02-07 01:22:19,116.23867,39.90279
7983,2008-02-07 02:29:18,116.23896,39.90302
7983,2008-02-07 02:38:06,116.22211,39.89415
7983,2008-02-07 02:38:09,116.22192,39.89415
7983,2008-02-07 02:43:08,116.22409,39.90259
7983,2008-02-07 02:48:12,116.25933,39.89567
7983,2008-02-07 02:58:16,116.36783,39.89829
7983,2008-02-07 03:05:00,116.41676,39.89581
7983,2008-02-07 03:08:19,116.41539,39.89187
7983,2008-02-07 03:18:22,116.38162,39.86835
7983,2008-02-07 03:19:18,116.38067,39.86227
7983,2008-02-07 03:28:26,116.45159,39.86367
7983,2008-02-07 03:37:04,116.47506,39.87978
7983,2008-02-07 03:38:29,116.47507,39.87972
7983,2008-02-07 03:48:32,116.47831,39.9141
7983,2008-02-07 03:49:56,116.47871,39.91496
7983,2008-02-07 03:58:35,116.4841,39.93724
7983,2008-02-07 04:04:24,116.49067,39.96055
7983,2008-02-07 04:08:39,116.47714,39.95503
7983,2008-02-07 04:09:24,116.47348,39.95383
7983,2008-02-07 04:18:41,116.43253,39.93988
7983,2008-02-07 04:19:28,116.42657,39.93985
7983,2008-02-07 04:28:44,116.38759,39.94715
7983,2008-02-07 04:38:48,116.30769,39.94899
7983,2008-02-07 04:39:21,116.30884,39.95016
7983,2008-02-07 04:44:23,116.30383,39.9313
7983,2008-02-07 04:48:51,116.28262,39.92309
7983,2008-02-07 04:49:25,116.28179,39.92309
7983,2008-02-07 04:58:54,116.24738,39.92213
7983,2008-02-07 05:09:58,116.26603,39.9234
7983,2008-02-07 05:10:23,116.26442,39.92332
7983,2008-02-07 05:15:25,116.25842,39.9073
7983,2008-02-07 05:20:27,116.23805,39.90626
7983,2008-02-07 05:21:02,116.23378,39.90626
7983,2008-02-07 05:25:29,116.23277,39.90248
7983,2008-02-07 05:31:10,116.23276,39.90254
7983,2008-02-07 05:31:10,116.23276,39.90254
7983,2008-02-07 05:31:10,116.23276,39.90254
7983,2008-02-07 05:31:10,116.23276,39.90254
7983,2008-02-07 05:31:10,116.23276,39.90254
7983,2008-02-07 05:31:10,116.23276,39.90254
7983,2008-02-07 05:31:10,116.23276,39.90254
7983,2008-02-07 05:31:10,116.23276,39.90254
7983,2008-02-07 05:31:10,116.23276,39.90254
7983,2008-02-07 05:31:10,116.23276,39.90254
7983,2008-02-07 05:31:10,116.23276,39.90254
7983,2008-02-07 05:31:10,116.23276,39.90254
7983,2008-02-07 05:31:10,116.23276,39.90254
7983,2008-02-07 05:31:10,116.23276,39.90254
7983,2008-02-07 05:31:10,116.23276,39.90254
7983,2008-02-07 05:31:10,116.23276,39.90254
7983,2008-02-07 05:31:10,116.23276,39.90254
7983,2008-02-07 05:31:10,116.23276,39.90254
7983,2008-02-07 05:31:10,116.23276,39.90254
7983,2008-02-07 12:23:42,116.23282,39.90256
7983,2008-02-07 12:28:44,116.2315,39.89972
7983,2008-02-07 12:29:35,116.23236,39.9001
7983,2008-02-07 12:29:35,116.23236,39.9001
7983,2008-02-07 12:38:51,116.22949,39.89938
7983,2008-02-07 12:41:39,116.22949,39.89938
7983,2008-02-07 12:43:52,116.22951,39.89931
7983,2008-02-07 12:48:54,116.20455,39.89493
7983,2008-02-07 12:48:54,116.20455,39.89493
7983,2008-02-07 12:53:56,116.20073,39.88729
7983,2008-02-07 12:57:46,116.20061,39.88725
7983,2008-02-07 13:02:52,116.20066,39.88732
7983,2008-02-07 13:02:52,116.20066,39.88732
7983,2008-02-07 13:02:52,116.20066,39.88732
7983,2008-02-07 13:02:52,116.20066,39.88732
7983,2008-02-07 13:02:52,116.20066,39.88732
7983,2008-02-07 13:02:52,116.20066,39.88732
7983,2008-02-07 13:02:52,116.20066,39.88732
7983,2008-02-07 13:02:52,116.20066,39.88732
7983,2008-02-07 13:02:52,116.20066,39.88732
7983,2008-02-07 13:02:52,116.20066,39.88732
7983,2008-02-07 13:02:52,116.20066,39.88732
7983,2008-02-07 13:02:52,116.20066,39.88732
7983,2008-02-07 13:02:52,116.20066,39.88732
7983,2008-02-07 13:02:52,116.20066,39.88732
7983,2008-02-07 13:02:52,116.20066,39.88732
7983,2008-02-07 13:02:52,116.20066,39.88732
7983,2008-02-07 13:02:52,116.20066,39.88732
7983,2008-02-07 13:02:52,116.20066,39.88732
7983,2008-02-07 13:02:52,116.20066,39.88732
7983,2008-02-07 13:02:52,116.20066,39.88732
7983,2008-02-07 13:02:52,116.20066,39.88732
7983,2008-02-07 13:02:52,116.20066,39.88732
7983,2008-02-07 17:11:29,116.20177,39.88396
7983,2008-02-07 17:11:30,116.20177,39.88396
7983,2008-02-07 17:18:58,116.20181,39.88389
7983,2008-02-07 17:18:58,116.20181,39.88389
7983,2008-02-07 17:18:58,116.20181,39.88389
7983,2008-02-07 17:34:33,116.20045,39.88727
7983,2008-02-07 17:39:38,116.19969,39.88794
7983,2008-02-07 17:41:30,116.20438,39.89398
7983,2008-02-07 17:44:39,116.2109,39.90253
7983,2008-02-07 17:49:41,116.22376,39.90256
7983,2008-02-07 17:51:33,116.23125,39.90249
7983,2008-02-07 17:54:43,116.23783,39.9027
7983,2008-02-07 17:59:44,116.24647,39.90265
7983,2008-02-07 18:03:37,116.25829,39.90621
7983,2008-02-07 18:04:46,116.2586,39.90626
7983,2008-02-07 18:09:47,116.25808,39.92421
7983,2008-02-08 01:19:26,116.25808,39.92425
7983,2008-02-08 01:28:16,116.21537,39.90635
7983,2008-02-08 01:35:26,116.17035,39.91304
7983,2008-02-08 01:38:18,116.17522,39.90604
7983,2008-02-08 01:40:26,116.18799,39.90615
7983,2008-02-08 02:21:27,116.239,39.90675
7983,2008-02-08 10:54:40,116.23403,39.90313
7983,2008-02-08 10:58:32,116.22982,39.90279
7983,2008-02-08 10:59:42,116.22924,39.90286
7983,2008-02-08 11:08:35,116.20071,39.91664
7983,2008-02-08 11:12:37,116.19343,39.92382
7983,2008-02-08 11:12:37,116.19343,39.92382
7983,2008-02-08 11:21:53,116.1918,39.92161
7983,2008-02-08 11:27:01,116.19789,39.92682
7983,2008-02-08 11:27:01,116.19789,39.92682
7983,2008-02-08 11:28:46,116.19733,39.92658
7983,2008-02-08 11:32:03,116.20055,39.91511
7983,2008-02-08 11:37:04,116.20852,39.90281
7983,2008-02-08 11:38:50,116.2117,39.90251
7983,2008-02-08 11:42:08,116.21234,39.90245
7983,2008-02-08 11:51:53,116.24674,39.88895
7983,2008-02-08 12:01:57,116.25938,39.85894
7983,2008-02-08 12:02:07,116.25938,39.85901
7983,2008-02-08 12:12:00,116.30425,39.88329
7983,2008-02-08 12:22:03,116.35611,39.89794
7983,2008-02-08 12:28:37,116.37602,39.89843
7983,2008-02-08 12:32:07,116.37689,39.89873
7983,2008-02-08 12:33:38,116.37009,39.8986
7983,2008-02-08 12:42:10,116.34666,39.89709
7983,2008-02-08 12:44:05,116.34687,39.89173
7983,2008-02-08 12:54:14,116.34347,39.89931
7983,2008-02-08 12:57:45,116.34641,39.9055
7983,2008-02-08 13:02:46,116.34655,39.90775
7983,2008-02-08 13:04:18,116.34666,39.91131
7983,2008-02-08 13:07:48,116.34666,39.91131
7983,2008-02-08 13:14:20,116.34997,39.93075
7983,2008-02-08 13:18:38,116.35273,39.93582
7983,2008-02-08 13:24:23,116.34974,39.92488
7983,2008-02-08 13:28:00,116.34318,39.91642
7983,2008-02-08 13:33:01,116.33483,39.91276
7983,2008-02-08 13:34:27,116.33318,39.91456
7983,2008-02-08 13:38:04,116.34781,39.91668
7983,2008-02-08 13:43:06,116.32917,39.91288
7983,2008-02-08 13:48:10,116.32916,39.91273
7983,2008-02-08 13:48:31,116.32916,39.91273
7983,2008-02-08 13:53:12,116.31701,39.90655
7983,2008-02-08 13:58:14,116.31469,39.90652
7983,2008-02-08 13:58:35,116.31397,39.9065
7983,2008-02-08 14:07:36,116.27951,39.91163
7983,2008-02-08 14:09:38,116.2773,39.90897
7983,2008-02-08 14:12:37,116.26681,39.90195
7983,2008-02-08 14:19:42,116.26751,39.89919
7983,2008-02-08 14:22:56,116.26432,39.89418
7983,2008-02-08 14:29:45,116.24706,39.89366
7983,2008-02-08 14:39:48,116.35683,39.89801
7983,2008-02-08 14:41:12,116.35734,39.89936
7983,2008-02-08 14:46:14,116.35155,39.90002
7983,2008-02-08 14:49:51,116.3423,39.89987
7983,2008-02-08 14:51:15,116.33682,39.90184
7983,2008-02-08 14:56:17,116.31714,39.9065
7983,2008-02-08 15:01:55,116.30424,39.92807
7983,2008-02-08 15:06:28,116.31014,39.94467
7983,2008-02-08 15:11:30,116.30375,39.93142
7983,2008-02-08 15:11:59,116.30375,39.93141
7983,2008-02-08 15:16:32,116.30373,39.90877
7983,2008-02-08 15:21:33,116.29619,39.90663
7983,2008-02-08 15:22:02,116.29619,39.90663
7983,2008-02-08 15:25:03,116.29597,39.90639
7983,2008-02-08 15:38:08,116.26709,39.94184
7983,2008-02-08 15:39:08,116.26636,39.94277
7983,2008-02-08 15:46:20,116.25411,39.9281
7983,2008-02-08 15:48:11,116.24774,39.92835
7983,2008-02-08 15:51:21,116.24699,39.91654
7983,2008-02-08 15:56:23,116.23003,39.90623
7983,2008-02-08 15:58:14,116.22973,39.90065
7983,2008-02-08 16:01:15,116.23222,39.90003
7983,2008-02-08 16:06:22,116.23225,39.90007
7983,2008-02-08 16:06:22,116.23225,39.90007
7983,2008-02-08 16:06:22,116.23225,39.90007
7983,2008-02-08 16:06:22,116.23225,39.90007
7983,2008-02-08 16:06:22,116.23225,39.90007
7983,2008-02-08 16:06:22,116.23225,39.90007
7983,2008-02-08 16:41:42,116.22965,39.90425
7983,2008-02-08 16:46:35,116.21501,39.90359
7983,2008-02-08 16:46:43,116.21499,39.90313
7983,2008-02-08 16:56:38,116.20388,39.88151
7983,2008-02-08 16:56:38,116.20388,39.88151
7983,2008-02-08 17:01:39,116.20461,39.89537
7983,2008-02-08 17:06:42,116.193,39.90564
7983,2008-02-08 17:10:10,116.19212,39.91426
7983,2008-02-08 17:10:10,116.19212,39.91426
7983,2008-02-08 17:16:45,116.18584,39.91671
7983,2008-02-08 17:18:30,116.18198,39.91798
7983,2008-02-08 17:23:31,116.20041,39.91307
7983,2008-02-08 17:26:48,116.20469,39.90476
7983,2008-02-08 17:28:33,116.21569,39.90255
7983,2008-02-08 17:33:34,116.23802,39.90278
7983,2008-02-08 17:38:39,116.23393,39.90618
7983,2008-02-08 17:38:39,116.23393,39.90618
